page,x,y,word,word_index,timestamp
0,1920,0,0,,0
0,1061.5,330.2,0,,2.71876e+08
0,1057.2,336.6,0,,2.71876e+08
0,1055.7,335.7,0,,2.71876e+08
0,1055.7,335.7,0,,2.71876e+08
0,1055.4,339.8,0,,2.71876e+08
0,1056.4,347.7,0,,2.71876e+08
0,1056.8,343.6,0,,2.71876e+08
0,1058.7,326.5,0,,2.71876e+08
0,1057.4,312.4,0,,2.71876e+08
0,1052.8,302.9,0,,2.71876e+08
0,1052.8,302.9,0,,2.71876e+08
0,1052.6,320.6,0,,2.71876e+08
0,1051.8,324.3,0,,2.71876e+08
0,1048.6,328.5,0,,2.71876e+08
0,1054.1,312.8,0,,2.71876e+08
0,1058.3,301.3,0,,2.71876e+08
0,1058.6,303.2,0,,2.71876e+08
0,1062.5,296.8,0,,2.71876e+08
0,1062.5,296.8,0,,2.71876e+08
0,1066.4,298.3,0,,2.71876e+08
0,1064.2,295.7,0,,2.71876e+08
0,1064.2,295.7,0,,2.71876e+08
0,1065,291.9,0,,2.71876e+08
0,1065,291.9,0,,2.71876e+08
0,1062.1,282.3,0,,2.71876e+08
0,1060.7,280,0,,2.71876e+08
0,1060.7,280,0,,2.71876e+08
0,1060.1,326.4,0,,2.71876e+08
0,1059.2,319.7,0,,2.71876e+08
0,1057,326.9,0,,2.71876e+08
0,1060.9,329.1,0,,2.71876e+08
0,1061.6,333.3,0,,2.71876e+08
0,1062.3,325.5,0,,2.71876e+08
0,1061.5,317.1,0,,2.71876e+08
0,1061.5,317.1,0,,2.71876e+08
0,1060.6,298.6,0,,2.71876e+08
0,1060.6,303.6,0,,2.71876e+08
0,1056.4,304.4,0,,2.71876e+08
0,1053.9,309,0,,2.71876e+08
0,1052.9,306.4,0,,2.71876e+08
0,1050.8,306.5,0,,2.71876e+08
0,1048.5,304.9,0,,2.71876e+08
0,1048.5,304.9,0,,2.71876e+08
0,1047.7,301,0,,2.71876e+08
0,1043.7,301.8,0,,2.71876e+08
0,1045.5,300.6,0,,2.71876e+08
0,1046.4,300.3,0,,2.71876e+08
0,1045.2,301.6,0,,2.71876e+08
0,1041.9,302.3,0,,2.71876e+08
0,1042.4,293.5,0,,2.71876e+08
0,1042.4,292.2,0,,2.71876e+08
0,1043.8,293.8,0,,2.71876e+08
0,1043.8,293.8,0,,2.71876e+08
0,1047.9,287.8,0,,2.71876e+08
0,1047.9,287.8,0,,2.71876e+08
0,1049.1,280.6,0,,2.71876e+08
0,1049.1,280.6,0,,2.71876e+08
0,1050.3,270.9,0,,2.71877e+08
0,1046.4,276.3,0,,2.71877e+08
0,1045.3,277.3,0,,2.71877e+08
0,1044.6,278.8,0,,2.71877e+08
0,1044.6,278.8,0,,2.71877e+08
0,1044.6,278.8,0,,2.71877e+08
0,1041.9,264.5,0,,2.71877e+08
0,1040.6,261.6,0,,2.71877e+08
0,1040.6,261.6,0,,2.71877e+08
0,1040.2,256.6,0,,2.71877e+08
0,1037.4,256.3,0,,2.71877e+08
0,1261.5,510.4,0,,2.71877e+08
0,1299.3,556.3,0,,2.71877e+08
0,1398.1,693.7,0,,2.71877e+08
0,1420.6,726.5,0,,2.71877e+08
0,1423.2,743.6,0,,2.71877e+08
0,1465.5,823.5,0,,2.71877e+08
0,1574.6,1004.7,0,,2.71877e+08
0,1579.4,1020.5,0,,2.71877e+08
0,1576.1,1030.4,0,,2.71877e+08
0,1576.8,1032.7,0,,2.71877e+08
0,1600.3,1004.2,0,,2.71877e+08
0,1600.3,1004.2,0,,2.71877e+08
0,1603.1,1000.6,0,,2.71877e+08
0,1604.6,1004.4,0,,2.71877e+08
0,1604.6,1004.4,0,,2.71877e+08
0,1595.4,1007.1,0,,2.71877e+08
0,1595.4,1007.1,0,,2.71877e+08
0,1594.1,1009.1,0,,2.71877e+08
0,1594.1,1009.1,0,,2.71877e+08
0,1567.8,974.9,0,,2.71877e+08
0,1171.2,413.5,0,,2.71877e+08
0,1171.2,413.5,0,,2.71877e+08
0,1142,338.7,0,,2.71877e+08
0,1136.3,303.8,0,,2.71877e+08
0,1120.9,297.3,0,,2.71877e+08
0,1116.8,299.4,0,,2.71877e+08
0,1113.4,301.2,0,,2.71877e+08
0,1113.1,305.7,0,,2.71877e+08
0,1112.8,308,0,,2.71877e+08
0,1112.6,310.9,0,,2.71877e+08
0,1111.9,317.9,0,,2.71877e+08
0,1111.6,319,0,,2.71877e+08
0,1118.4,303.3,0,,2.71877e+08
0,1120.8,303.6,0,,2.71877e+08
0,1123.6,314,0,,2.71877e+08
0,1118.8,321.4,0,,2.71877e+08
0,1120.5,314.5,0,,2.71877e+08
0,1119,315.8,0,,2.71877e+08
0,1116.6,320.9,0,,2.71877e+08
0,1116.6,320.9,0,,2.71877e+08
0,1113.9,323.7,0,,2.71877e+08
0,1112.3,319.9,0,,2.71877e+08
0,1115.5,307.7,0,,2.71877e+08
0,1117.5,301.7,0,,2.71877e+08
0,1116.5,294.6,0,,2.71877e+08
0,1111.8,295.4,0,,2.71877e+08
0,1111.3,295.6,0,,2.71877e+08
0,1111.3,295.6,0,,2.71877e+08
0,1104,306.3,0,,2.71878e+08
0,1082.8,375.2,0,,2.71878e+08
0,998.8,671.7,0,,2.71878e+08
0,945.9,867,0,,2.71878e+08
0,945.9,867,0,,2.71878e+08
0,928.2,943.1,0,,2.71878e+08
0,899.2,1049.9,0,,2.71878e+08
0,898.3,1054.4,0,,2.71878e+08
0,897.3,1058.1,0,,2.71878e+08
0,904.8,1050.5,0,,2.71878e+08
0,902.4,1069.6,0,,2.71878e+08
0,901.4,1066.9,0,,2.71878e+08
0,904.6,1062.3,0,,2.71878e+08
0,906.3,1040.3,0,,2.71878e+08
0,906.1,1042.5,0,,2.71878e+08
0,906.4,1040.4,0,,2.71878e+08
0,907.7,1038.6,0,,2.71878e+08
0,910.9,1040.9,0,,2.71878e+08
0,910.9,1040.9,0,,2.71878e+08
0,909.5,1044.8,0,,2.71878e+08
0,909.9,1044.9,0,,2.71878e+08
0,909.9,1044.9,0,,2.71878e+08
0,913.7,1039.2,0,,2.71878e+08
0,911.2,1042.1,0,,2.71878e+08
0,912.2,1041.1,0,,2.71878e+08
0,911.1,1044.8,0,,2.71878e+08
0,911.1,1044.8,0,,2.71878e+08
0,910.3,1047.9,0,,2.71878e+08
0,910.3,1047.9,0,,2.71878e+08
0,910.5,1048.2,0,,2.71878e+08
0,910.6,1046.5,0,,2.71878e+08
0,906.4,1035.5,0,,2.71878e+08
0,906.8,1036.4,0,,2.71878e+08
0,911.5,1038.9,0,,2.71878e+08
0,911.3,1038.7,0,,2.71878e+08
0,911.3,1038.7,0,,2.71878e+08
0,912.5,1039.9,0,,2.71878e+08
0,912.4,1040.2,0,,2.71878e+08
0,926.5,1050.2,0,,2.71878e+08
0,919.5,1044.9,0,,2.71878e+08
0,919.5,1044.9,0,,2.71878e+08
0,935.4,1103,0,,2.71878e+08
0,935.9,1108.3,0,,2.71878e+08
0,936.1,1111,0,,2.71878e+08
0,944.9,1141.6,0,,2.71878e+08
0,944.9,1141.6,0,,2.71878e+08
0,944.9,1141.6,0,,2.71878e+08
0,947.7,1156.8,0,,2.71878e+08
0,951.1,1153.1,0,,2.71878e+08
0,951.4,1151,0,,2.71878e+08
0,945.1,1145.7,0,,2.71878e+08
0,946.8,1144.8,0,,2.71878e+08
0,950.8,1143.1,0,,2.71878e+08
0,950.8,1143.1,0,,2.71878e+08
1,950.6,1143.5,0,,2.71878e+08
1,947.9,1146.1,0,,2.71878e+08
1,950.3,1144.2,0,,2.71878e+08
1,947.8,1144.9,0,,2.71878e+08
1,947.1,1145.4,0,,2.71878e+08
1,947.1,1145.4,0,,2.71878e+08
1,945.8,1145.9,0,,2.71878e+08
1,943.5,1143.4,0,,2.71879e+08
1,942.7,1140.4,0,,2.71879e+08
1,942.7,1140.4,0,,2.71879e+08
1,944.4,1136.5,0,,2.71879e+08
1,942.8,1137,0,,2.71879e+08
1,945.7,1137.2,0,,2.71879e+08
1,945.3,1138.3,0,,2.71879e+08
1,939.1,1136,0,,2.71879e+08
1,940.6,1137.3,0,,2.71879e+08
1,824.5,843.2,0,,2.71879e+08
1,786.1,731.6,0,,2.71879e+08
1,786.1,731.6,0,,2.71879e+08
1,786.1,731.6,0,,2.71879e+08
1,776.4,708.2,0,,2.71879e+08
1,779.9,702.5,0,,2.71879e+08
1,779.3,694.9,0,,2.71879e+08
1,781.8,712.8,0,,2.71879e+08
2,781.8,712.8,0,,2.71879e+08
2,776.3,691.6,0,,2.71879e+08
2,734.5,564.1,0,,2.71879e+08
2,734.5,564.1,0,,2.71879e+08
2,712.9,487.4,0,,2.71879e+08
2,707.4,459.8,0,,2.71879e+08
2,707.4,459.8,0,,2.71879e+08
2,713.3,447.2,0,,2.71879e+08
2,709.6,453.3,0,,2.71879e+08
2,709,457.3,0,,2.71879e+08
2,708.2,463.5,0,,2.71879e+08
2,708.2,463.5,0,,2.71879e+08
2,709,462,0,,2.71879e+08
2,708.8,461.5,0,,2.71879e+08
2,705.7,458.5,0,,2.71879e+08
2,705.3,458.8,0,,2.71879e+08
2,703.9,458.9,0,,2.71879e+08
2,700.8,459.1,0,,2.71879e+08
2,699.8,456.7,0,,2.71879e+08
2,701.2,461.2,0,,2.71879e+08
2,700.2,462.8,0,,2.71879e+08
2,700.2,462.8,0,,2.71879e+08
2,701.5,463,0,,2.71879e+08
2,703.7,460.6,0,,2.71879e+08
2,705.6,458.3,0,,2.71879e+08
2,703.7,458.2,0,,2.71879e+08
2,704,456.1,0,,2.71879e+08
2,704.1,453.4,0,,2.71879e+08
2,699.4,453.9,0,,2.71879e+08
2,698.7,454.3,0,,2.71879e+08
2,698.6,453.9,0,,2.71879e+08
2,697.8,455.2,0,,2.71879e+08
2,697.8,455.2,0,,2.71879e+08
2,699.1,456.6,0,,2.71879e+08
2,702.8,458.6,0,,2.71879e+08
2,702.8,458.6,0,,2.71879e+08
2,702.8,458.6,0,,2.71879e+08
2,702.8,458.6,0,,2.71879e+08
2,702.8,458.6,0,,2.71879e+08
2,702.8,458.6,0,,2.71879e+08
2,702.8,458.6,0,,2.71879e+08
2,702.8,458.6,0,,2.71879e+08
2,702.8,458.6,0,,2.71879e+08
2,702.8,458.6,0,,2.71879e+08
2,540.8,341.2,0,,2.7188e+08
2,540.7,348.2,0,,2.7188e+08
2,541.6,355.6,0,,2.7188e+08
2,536.7,357.9,0,,2.7188e+08
2,535.3,358,0,,2.7188e+08
2,499.3,361.1,0,,2.7188e+08
2,409.5,354.7,0,,2.7188e+08
3,409.5,354.7,0,,2.7188e+08
3,362.1,350.1,0,,2.7188e+08
3,361.5,354.2,0,,2.7188e+08
3,281.9,333.2,0,,2.7188e+08
3,296,336.5,0,,2.7188e+08
3,283.4,344.8,0,,2.7188e+08
3,295.7,347.4,0,,2.7188e+08
3,293.5,354,0,,2.7188e+08
3,281.4,373.1,0,,2.7188e+08
3,283.1,382,0,,2.7188e+08
3,283.1,382,0,,2.7188e+08
3,282.4,382.1,0,,2.7188e+08
3,289.4,391.6,0,,2.7188e+08
3,291,395.9,0,,2.7188e+08
3,286.9,378.5,0,,2.7188e+08
3,292.9,386.7,0,,2.7188e+08
3,311.1,416.5,0,,2.7188e+08
3,310.6,410.4,0,,2.7188e+08
3,307.4,416,0,,2.7188e+08
3,309.4,410.3,0,,2.7188e+08
3,315.6,416.9,0,,2.7188e+08
3,314.7,422.3,0,,2.7188e+08
3,314.5,422.8,0,,2.7188e+08
3,314.5,422.8,0,,2.7188e+08
3,319.8,422.7,0,,2.7188e+08
3,341.2,429.8,0,,2.7188e+08
2,386.6,436.7,0,,2.7188e+08
2,480.4,438.4,0,,2.7188e+08
2,746.8,415.9,0,,2.7188e+08
2,804.3,415.2,0,,2.7188e+08
2,1020.8,459.3,0,,2.7188e+08
2,1139.4,451.7,0,,2.7188e+08
2,1139.4,451.7,0,,2.7188e+08
2,1194.6,479.4,0,,2.7188e+08
2,1187.6,467,0,,2.7188e+08
2,1180.4,437.2,0,,2.7188e+08
2,1181.6,434.6,0,,2.7188e+08
2,1165.4,408.2,0,,2.7188e+08
2,1164.4,404.7,0,,2.7188e+08
2,1163.1,404.3,0,,2.7188e+08
2,1163.5,406.7,0,,2.7188e+08
2,1163.5,406.7,0,,2.7188e+08
1,1162.5,407.9,0,,2.7188e+08
1,1162.6,407.6,0,,2.7188e+08
1,1162.4,403.5,0,,2.7188e+08
1,1157,401.9,0,,2.7188e+08
1,1161.5,403.6,0,,2.7188e+08
1,1178.2,410.1,0,,2.7188e+08
1,1178.1,408.7,0,,2.7188e+08
1,1203.3,433,0,,2.7188e+08
1,1203.3,433,0,,2.7188e+08
1,1331.8,549.6,0,,2.71881e+08
1,1528.3,738.1,0,,2.71881e+08
1,1581.8,804.6,0,,2.71881e+08
1,1699.6,937,0,,2.71881e+08
0,1699.6,937,0,,2.71881e+08
0,1743.1,990.8,0,,2.71881e+08
0,1743.1,990.8,0,,2.71881e+08
0,1743.1,990.8,0,,2.71881e+08
0,1743.1,990.8,0,,2.71881e+08
0,1743.1,990.8,0,,2.71881e+08
0,1743.1,990.8,0,,2.71881e+08
0,1743.1,990.8,0,,2.71881e+08
0,1743.1,990.8,0,,2.71881e+08
0,1743.1,990.8,0,,2.71881e+08
0,1743.1,990.8,0,,2.71881e+08
0,1743.1,990.8,0,,2.71881e+08
0,1743.1,990.8,0,,2.71881e+08
0,1743.1,990.8,0,,2.71881e+08
0,1743.1,990.8,0,,2.71881e+08
0,1743.1,990.8,0,,2.71881e+08
0,1743.1,990.8,0,,2.71881e+08
0,1743.1,990.8,0,,2.71881e+08
0,1743.1,990.8,0,,2.71881e+08
0,1743.1,990.8,0,,2.71881e+08
0,1743.1,990.8,0,,2.71881e+08
0,1743.1,990.8,0,,2.71881e+08
0,1743.1,990.8,0,,2.71881e+08
0,1743.1,990.8,0,,2.71881e+08
0,1743.1,990.8,0,,2.71881e+08
0,1743.1,990.8,0,,2.71881e+08
0,1743.1,990.8,0,,2.71881e+08
0,1743.1,990.8,0,,2.71881e+08
0,1743.1,990.8,0,,2.71881e+08
0,1743.1,990.8,0,,2.71881e+08
0,1743.1,990.8,0,,2.71881e+08
0,1743.1,990.8,0,,2.71881e+08
0,1743.1,990.8,0,,2.71881e+08
0,1743.1,990.8,0,,2.71881e+08
0,1743.1,990.8,0,,2.71881e+08
0,1743.1,990.8,0,,2.71881e+08
0,1743.1,990.8,0,,2.71881e+08
0,1743.1,990.8,0,,2.71881e+08
0,1743.1,990.8,0,,2.71881e+08
0,1743.1,990.8,0,,2.71881e+08
0,1743.1,990.8,0,,2.71881e+08
0,1743.1,990.8,0,,2.71881e+08
0,1743.1,990.8,0,,2.71881e+08
0,1743.1,990.8,0,,2.71881e+08
0,1743.1,990.8,0,,2.71881e+08
0,1743.1,990.8,0,,2.71881e+08
0,1743.1,990.8,0,,2.71881e+08
0,1743.1,990.8,0,,2.71881e+08
0,1743.1,990.8,0,,2.71881e+08
0,1743.1,990.8,0,,2.71881e+08
0,1743.1,990.8,0,,2.71881e+08
0,1743.1,990.8,0,,2.71881e+08
0,1743.1,990.8,0,,2.71881e+08
0,1743.1,990.8,0,,2.71881e+08
0,1743.1,990.8,0,,2.71881e+08
0,1743.1,990.8,0,,2.71881e+08
0,1743.1,990.8,0,,2.71881e+08
0,1743.1,990.8,0,,2.71881e+08
0,1743.1,990.8,0,,2.71881e+08
0,1743.1,990.8,0,,2.71881e+08
0,1743.1,990.8,0,,2.71881e+08
0,1743.1,990.8,0,,2.71881e+08
0,1743.1,990.8,0,,2.71881e+08
0,1743.1,990.8,0,,2.71881e+08
1,1743.1,990.8,0,,2.71881e+08
1,1743.1,990.8,0,,2.71881e+08
1,1743.1,990.8,0,,2.71881e+08
1,862.5,264.8,0,,2.71882e+08
1,836.3,375.1,0,,2.71882e+08
1,823,415.4,0,,2.71882e+08
1,833.5,410.1,0,,2.71882e+08
1,839.9,461.7,0,,2.71882e+08
1,839.9,461.7,0,,2.71882e+08
1,838.4,472.6,0,,2.71882e+08
1,836.6,467.1,0,,2.71882e+08
1,836.6,465.2,0,,2.71882e+08
1,836.6,465.2,0,,2.71882e+08
1,837.1,460.2,0,,2.71882e+08
1,837.2,456.7,0,,2.71882e+08
1,837,448.1,0,,2.71882e+08
1,824,441.1,0,,2.71882e+08
2,781.1,421.8,0,,2.71882e+08
2,600.1,402.3,0,,2.71882e+08
2,554,386.5,0,,2.71882e+08
2,545.2,383.4,0,,2.71882e+08
2,545.2,383.4,0,,2.71882e+08
2,469,375.2,0,,2.71882e+08
2,467.5,372.5,0,,2.71882e+08
2,474,386.5,0,,2.71882e+08
2,475.2,389.9,0,,2.71882e+08
2,475.9,391.7,0,,2.71882e+08
2,468.6,374.1,0,,2.71882e+08
2,463.2,375.8,0,,2.71882e+08
2,431.5,389.1,0,,2.71882e+08
2,398.9,393.3,0,,2.71882e+08
2,390.1,394.1,0,,2.71882e+08
2,390.1,394.1,0,,2.71882e+08
2,400.9,394.2,0,,2.71882e+08
2,392.5,404.2,0,,2.71882e+08
2,383.9,400.1,0,,2.71882e+08
2,388,426.9,0,,2.71882e+08
2,385.4,432,0,,2.71882e+08
2,377.9,418,0,,2.71882e+08
2,381.3,403.5,0,,2.71882e+08
2,365.6,395.2,0,,2.71882e+08
2,365.2,396.4,0,,2.71882e+08
2,368.3,399.1,0,,2.71882e+08
2,366.9,399.8,0,,2.71882e+08
2,364.2,399.1,0,,2.71882e+08
2,373.6,397.8,0,,2.71882e+08
2,374.6,399.2,0,,2.71882e+08
2,371.8,401.9,0,,2.71882e+08
2,371.8,401.9,0,,2.71882e+08
2,374.7,396.3,0,,2.71882e+08
2,376.2,386.3,0,,2.71882e+08
2,375.5,388.4,0,,2.71882e+08
2,375.6,382.6,0,,2.71883e+08
2,374.5,389.5,0,,2.71883e+08
2,373.7,396.8,0,,2.71883e+08
2,375.1,393.4,0,,2.71883e+08
2,379.1,419.9,0,,2.71883e+08
2,379.1,419.9,0,,2.71883e+08
2,379.1,419.9,0,,2.71883e+08
2,388.8,427.9,0,,2.71883e+08
2,425.4,425.7,0,,2.71883e+08
2,705.3,430.5,0,,2.71883e+08
2,716.9,427.1,0,,2.71883e+08
2,740.6,428,0,,2.71883e+08
2,741.3,431.1,0,,2.71883e+08
2,739.8,436.2,0,,2.71883e+08
2,739.8,436.2,0,,2.71883e+08
2,744.3,444.5,0,,2.71883e+08
2,743.1,445.5,0,,2.71883e+08
2,742.7,444.7,0,,2.71883e+08
2,746.7,436.1,0,,2.71883e+08
2,747.4,428.4,0,,2.71883e+08
2,744.4,425.5,0,,2.71883e+08
2,743,416.8,0,,2.71883e+08
2,741.3,413.3,0,,2.71883e+08
2,741.3,413.3,0,,2.71883e+08
2,737.8,405,0,,2.71883e+08
2,730.2,412.4,0,,2.71883e+08
2,730,409.1,0,,2.71883e+08
2,726.7,423.8,0,,2.71883e+08
2,726.1,422.6,0,,2.71883e+08
2,726.3,418.6,0,,2.71883e+08
2,726.9,420.4,0,,2.71883e+08
2,732.8,412.7,0,,2.71883e+08
2,732.8,412.7,0,,2.71883e+08
2,738.3,414.2,0,,2.71883e+08
2,737.9,425.6,0,,2.71883e+08
2,739.1,417.3,0,,2.71883e+08
2,740.7,411.5,0,,2.71883e+08
2,740.2,406.3,0,,2.71883e+08
2,741.2,401.3,0,,2.71883e+08
2,742.2,397.8,0,,2.71883e+08
2,741.7,399.5,0,,2.71883e+08
2,741.7,399.5,0,,2.71883e+08
2,729.2,404.5,0,,2.71883e+08
2,726.4,407.7,0,,2.71883e+08
2,723.4,410.1,0,,2.71883e+08
2,726,411,0,,2.71883e+08
2,739.9,407,0,,2.71883e+08
2,741.4,404.7,0,,2.71883e+08
2,739.9,405.3,0,,2.71883e+08
2,739.6,404.8,0,,2.71883e+08
2,739.6,404.8,0,,2.71883e+08
2,737.5,399.1,0,,2.71883e+08
2,728.3,394.6,0,,2.71883e+08
2,728.3,394.6,0,,2.71883e+08
2,736.9,402.8,0,,2.71883e+08
2,738.9,403,0,,2.71883e+08
2,741.3,406,0,,2.71883e+08
2,738.5,406.5,0,,2.71883e+08
2,737.6,407.3,0,,2.71883e+08
2,737.6,407.3,0,,2.71883e+08
2,736,421.3,0,,2.71884e+08
2,736.1,419.8,0,,2.71884e+08
2,735,422.5,0,,2.71884e+08
2,732.9,420.8,0,,2.71884e+08
2,724.3,415.3,0,,2.71884e+08
2,722.4,412.5,0,,2.71884e+08
2,724.7,414.9,0,,2.71884e+08
2,722.7,413.4,0,,2.71884e+08
2,722.7,413.4,0,,2.71884e+08
2,722.9,414.8,0,,2.71884e+08
2,728.4,412.5,0,,2.71884e+08
2,723.7,392.8,0,,2.71884e+08
2,721.4,388.4,0,,2.71884e+08
2,719.9,387.7,0,,2.71884e+08
2,724.6,387.5,0,,2.71884e+08
2,725.7,386.7,0,,2.71884e+08
2,725.6,385.5,0,,2.71884e+08
2,725.6,385.5,0,,2.71884e+08
2,723.8,388.8,0,,2.71884e+08
2,721.3,393,0,,2.71884e+08
2,719.5,397.1,0,,2.71884e+08
2,717.5,401.8,0,,2.71884e+08
2,715.7,406.8,0,,2.71884e+08
2,718.7,398.9,0,,2.71884e+08
2,722.7,387.5,0,,2.71884e+08
2,723.9,388,0,,2.71884e+08
2,723.9,388,0,,2.71884e+08
2,725.5,383.5,0,,2.71884e+08
2,726.2,384.8,0,,2.71884e+08
2,728,396.7,0,,2.71884e+08
2,728.1,399.7,0,,2.71884e+08
2,728.2,400.1,0,,2.71884e+08
2,729.4,409.1,0,,2.71884e+08
2,731.3,411.1,0,,2.71884e+08
2,733.6,407.8,0,,2.71884e+08
2,733.6,407.8,0,,2.71884e+08
2,733.6,406.1,0,,2.71884e+08
2,733.5,404.6,0,,2.71884e+08
2,729.4,411.9,0,,2.71884e+08
2,721.8,415.6,0,,2.71884e+08
2,723.3,413.1,0,,2.71884e+08
2,721.7,416.4,0,,2.71884e+08
2,724.9,416.6,0,,2.71884e+08
2,724.7,419.7,0,,2.71884e+08
2,724.7,419.7,0,,2.71884e+08
2,734.3,421.7,0,,2.71884e+08
2,735.9,419.8,0,,2.71884e+08
2,736,416.6,0,,2.71884e+08
2,736.3,413.9,0,,2.71884e+08
2,729.2,416,0,,2.71884e+08
2,726.4,413.4,0,,2.71884e+08
2,721.9,415.6,0,,2.71884e+08
2,721.9,415.6,0,,2.71884e+08
2,721.9,415.6,0,,2.71884e+08
2,721.9,415.6,0,,2.71884e+08
2,721.9,415.6,0,,2.71884e+08
2,721.9,415.6,0,,2.71884e+08
2,721.9,415.6,0,,2.71884e+08
2,721.9,415.6,0,,2.71884e+08
2,692.9,527.5,0,,2.71884e+08
2,703.6,374.2,0,,2.71885e+08
2,710.9,396.2,0,,2.71885e+08
2,710.9,396.2,0,,2.71885e+08
2,710.9,396.2,0,,2.71885e+08
2,719.9,414.1,0,,2.71885e+08
2,721,409.3,0,,2.71885e+08
2,724,410.5,0,,2.71885e+08
2,727.8,409.3,0,,2.71885e+08
2,732.2,403.7,0,,2.71885e+08
2,733.5,402.7,0,,2.71885e+08
2,732.6,404.5,0,,2.71885e+08
2,732.6,404.5,0,,2.71885e+08
2,733.8,405.1,0,,2.71885e+08
2,734,403.5,0,,2.71885e+08
2,733.8,404.3,0,,2.71885e+08
2,727,408.5,0,,2.71885e+08
2,729.7,399.5,0,,2.71885e+08
2,725.9,406,0,,2.71885e+08
2,722.7,407.6,0,,2.71885e+08
2,720.9,407.1,0,,2.71885e+08
2,720.3,405.9,0,,2.71885e+08
2,721.7,404.1,0,,2.71885e+08
2,723,403.8,0,,2.71885e+08
2,735.7,410.1,0,,2.71885e+08
2,740.4,411.3,0,,2.71885e+08
2,735.3,401.2,0,,2.71885e+08
2,734.6,399,0,,2.71885e+08
2,733.7,404.3,0,,2.71885e+08
2,731,404.3,0,,2.71885e+08
2,731,404.3,0,,2.71885e+08
2,726.1,414.2,0,,2.71885e+08
2,724.6,409.2,0,,2.71885e+08
2,724.6,414.9,0,,2.71885e+08
2,726.4,414.1,0,,2.71885e+08
2,725.4,425.7,0,,2.71885e+08
2,726.9,418.3,0,,2.71885e+08
2,725.5,415.9,0,,2.71885e+08
2,726.6,406.1,0,,2.71885e+08
2,726.6,406.1,0,,2.71885e+08
2,727.7,404.8,0,,2.71885e+08
2,728.3,406.4,0,,2.71885e+08
2,728.5,407.4,0,,2.71885e+08
2,725.7,409,0,,2.71885e+08
2,726.3,408.5,0,,2.71885e+08
2,727.4,411.6,0,,2.71885e+08
2,727.4,410.9,0,,2.71885e+08
2,724.6,409.1,0,,2.71885e+08
2,724.2,408,0,,2.71885e+08
2,727,404.6,0,,2.71885e+08
2,727,404.6,0,,2.71885e+08
2,727.6,395.5,0,,2.71885e+08
2,730.6,387.7,0,,2.71885e+08
2,729,387.5,0,,2.71885e+08
2,728.3,392.7,0,,2.71885e+08
2,729.7,395.7,0,,2.71885e+08
2,729.2,397.7,0,,2.71885e+08
2,729.2,397.7,0,,2.71885e+08
2,728.8,402.3,0,,2.71885e+08
2,721.7,408,0,,2.71885e+08
2,721.2,409.7,0,,2.71885e+08
2,720.4,410,0,,2.71886e+08
2,720.8,408.5,0,,2.71886e+08
2,719.6,409.3,0,,2.71886e+08
2,719.2,410.2,0,,2.71886e+08
2,718.8,409.3,0,,2.71886e+08
2,718.8,409.3,0,,2.71886e+08
2,718.7,409.6,0,,2.71886e+08
2,718,408.9,0,,2.71886e+08
2,715.9,404.1,0,,2.71886e+08
2,715.8,403.1,0,,2.71886e+08
2,717.4,397,0,,2.71886e+08
2,717.8,394.6,0,,2.71886e+08
2,718.1,395.6,0,,2.71886e+08
2,718.6,397.7,0,,2.71886e+08
2,718.6,397.7,0,,2.71886e+08
2,719.1,399.6,0,,2.71886e+08
2,718.9,398.4,0,,2.71886e+08
2,720,388.6,0,,2.71886e+08
2,724.6,387.2,0,,2.71886e+08
2,724.7,392.9,0,,2.71886e+08
2,723.2,392.1,0,,2.71886e+08
2,721.3,390.7,0,,2.71886e+08
2,715.8,390.3,0,,2.71886e+08
2,715.8,390.3,0,,2.71886e+08
2,713.3,390.9,0,,2.71886e+08
2,713.3,390.1,0,,2.71886e+08
2,712.2,387.3,0,,2.71886e+08
2,717,386.1,0,,2.71886e+08
2,721.6,382.5,0,,2.71886e+08
2,722.6,383.4,0,,2.71886e+08
2,722,386.7,0,,2.71886e+08
2,726.5,399.1,0,,2.71886e+08
2,726.5,399.1,0,,2.71886e+08
2,742.8,392,0,,2.71886e+08
2,752.6,386.1,0,,2.71886e+08
2,746.9,391.1,0,,2.71886e+08
2,755.5,388.6,0,,2.71886e+08
2,763.2,382,0,,2.71886e+08
2,766.9,379.4,0,,2.71886e+08
2,765.2,382.5,0,,2.71886e+08
2,774.7,391.6,0,,2.71886e+08
2,774.7,391.6,0,,2.71886e+08
2,774.7,391.6,0,,2.71886e+08
2,778.2,387.8,0,,2.71886e+08
2,802.8,388.6,0,,2.71886e+08
2,843.7,385.7,0,,2.71886e+08
2,900.1,377.7,0,,2.71886e+08
2,898.9,379.9,0,,2.71886e+08
2,881.8,388.2,0,,2.71886e+08
2,881.4,387.9,0,,2.71886e+08
2,881.4,387.9,0,,2.71886e+08
2,865.6,389.4,0,,2.71886e+08
2,847,391.6,0,,2.71886e+08
2,810.1,392.2,0,,2.71886e+08
2,753.8,389.1,0,,2.71886e+08
2,754.8,395.8,0,,2.71886e+08
2,751.7,398.8,0,,2.71886e+08
2,751.7,398.8,0,,2.71886e+08
2,749.2,395.8,0,,2.71886e+08
2,749.2,395.8,0,,2.71886e+08
2,746.4,396.2,0,,2.71887e+08
2,745.3,394.6,0,,2.71887e+08
2,747.9,391.6,0,,2.71887e+08
2,749.7,388.4,0,,2.71887e+08
2,749.5,388.8,0,,2.71887e+08
2,746.1,393.7,0,,2.71887e+08
2,779.3,391.6,0,,2.71887e+08
2,861.2,387.9,0,,2.71887e+08
2,861.2,387.9,0,,2.71887e+08
2,855.9,388.3,0,,2.71887e+08
2,894.1,386,0,,2.71887e+08
2,895.7,387.8,0,,2.71887e+08
2,893.8,388.2,0,,2.71887e+08
2,891.1,384.8,0,,2.71887e+08
2,891.1,384.8,0,,2.71887e+08
2,892.1,385.7,0,,2.71887e+08
2,892.9,386.3,0,,2.71887e+08
2,893.1,385.6,0,,2.71887e+08
2,890.2,386.6,0,,2.71887e+08
2,880.6,389.2,0,,2.71887e+08
2,873,388.2,0,,2.71887e+08
2,870.7,388.6,0,,2.71887e+08
2,870.4,387.1,0,,2.71887e+08
2,871.4,382.1,0,,2.71887e+08
2,871.9,382.2,0,,2.71887e+08
2,871.1,381.8,0,,2.71887e+08
2,871.1,381.8,0,,2.71887e+08
2,872.6,374.4,0,,2.71887e+08
2,869.9,379.5,0,,2.71887e+08
2,869.9,379.5,0,,2.71887e+08
2,834.3,392.2,0,,2.71887e+08
2,793.8,386.8,0,,2.71887e+08
2,621.8,392.1,0,,2.71887e+08
2,520.9,399.5,0,,2.71887e+08
2,520.9,399.5,0,,2.71887e+08
2,520.9,399.5,0,,2.71887e+08
2,354.7,404,0,,2.71887e+08
2,354.7,404,0,,2.71887e+08
2,354.7,404,0,,2.71887e+08
2,345.8,400.7,0,,2.71887e+08
2,330.4,346.8,0,,2.71887e+08
2,336.3,350.1,0,,2.71887e+08
2,335.3,344.3,0,,2.71887e+08
2,329.7,351.1,0,,2.71887e+08
2,329.7,351.1,0,,2.71887e+08
2,312.5,341.4,0,,2.71887e+08
2,302.1,339.4,0,,2.71887e+08
2,280.7,337.1,0,,2.71887e+08
2,246.2,347,0,,2.71887e+08
2,232.6,356.6,0,,2.71887e+08
2,232.6,356.6,0,,2.71887e+08
2,216.7,352.5,0,,2.71887e+08
2,207.9,359.9,0,,2.71887e+08
2,207.9,359.9,0,,2.71887e+08
2,207.9,359.9,0,,2.71887e+08
2,227.7,382.5,0,,2.71887e+08
2,217.7,369.4,0,,2.71887e+08
2,217.7,369.4,0,,2.71887e+08
2,211.9,358.7,0,,2.71887e+08
2,218.6,363.4,0,,2.71887e+08
2,251.1,389.3,0,,2.71888e+08
2,325.1,384.5,0,,2.71888e+08
2,325.1,384.5,0,,2.71888e+08
2,442.9,376.3,0,,2.71888e+08
2,478.2,364.4,0,,2.71888e+08
2,559.3,373.2,0,,2.71888e+08
2,768,401.8,0,,2.71888e+08
2,768,401.8,0,,2.71888e+08
2,822.7,409.7,0,,2.71888e+08
2,821.9,411,0,,2.71888e+08
2,821.9,411,0,,2.71888e+08
2,820,406.8,0,,2.71888e+08
2,820,406.8,0,,2.71888e+08
2,804.4,378.5,0,,2.71888e+08
2,803.8,380.4,0,,2.71888e+08
2,814.4,414.9,0,,2.71888e+08
2,819.9,434.8,0,,2.71888e+08
2,818.5,427.4,0,,2.71888e+08
2,819.4,424.1,0,,2.71888e+08
2,820.8,429.5,0,,2.71888e+08
2,820.8,429.5,0,,2.71888e+08
2,823.4,409.6,0,,2.71888e+08
2,823.9,407.6,0,,2.71888e+08
2,824.7,407,0,,2.71888e+08
2,822.8,406.9,0,,2.71888e+08
2,822.1,404.6,0,,2.71888e+08
2,821.4,404.8,0,,2.71888e+08
2,819.7,422.4,0,,2.71888e+08
2,819.4,427.9,0,,2.71888e+08
2,819.4,427.9,0,,2.71888e+08
2,818.2,427.6,0,,2.71888e+08
2,818.7,418.3,0,,2.71888e+08
2,816.4,421.6,0,,2.71888e+08
2,818,415.3,0,,2.71888e+08
2,818.2,414,0,,2.71888e+08
2,817.5,409.6,0,,2.71888e+08
2,817.6,403.5,0,,2.71888e+08
2,818.5,393.4,0,,2.71888e+08
2,818.5,393.4,0,,2.71888e+08
2,811.8,411,0,,2.71888e+08
2,813.1,409.7,0,,2.71888e+08
2,811.1,415.9,0,,2.71888e+08
2,812.8,411.9,0,,2.71888e+08
2,818.5,400.4,0,,2.71888e+08
2,818.5,400.4,0,,2.71888e+08
2,819.3,397.6,0,,2.71888e+08
2,819.1,398.8,0,,2.71888e+08
2,819.6,401.1,0,,2.71888e+08
2,819.3,404.6,0,,2.71888e+08
2,819,405.3,0,,2.71888e+08
2,819.5,403.5,0,,2.71888e+08
2,822,395.3,0,,2.71888e+08
2,823.1,393.4,0,,2.71888e+08
2,822.4,395,0,,2.71888e+08
2,819.9,397.4,0,,2.71888e+08
2,819.4,408.3,0,,2.71888e+08
2,819.4,408.3,0,,2.71888e+08
2,819,404.8,0,,2.71888e+08
2,818.4,404.5,0,,2.71888e+08
2,820.2,397.3,0,,2.71888e+08
2,821.5,393.6,0,,2.71889e+08
2,826.6,385.9,0,,2.71889e+08
2,826.2,397.5,0,,2.71889e+08
2,826.3,401.6,0,,2.71889e+08
2,826.3,401.6,0,,2.71889e+08
2,825.6,413,0,,2.71889e+08
2,826.6,405.6,0,,2.71889e+08
2,826.9,405.9,0,,2.71889e+08
2,826.9,405.9,0,,2.71889e+08
2,826.2,395.5,0,,2.71889e+08
2,823.3,391.3,0,,2.71889e+08
2,814.9,389.3,0,,2.71889e+08
2,816.2,396.8,0,,2.71889e+08
2,816.7,401.1,0,,2.71889e+08
2,820.3,407.4,0,,2.71889e+08
2,820.3,407.4,0,,2.71889e+08
2,834.7,450,0,,2.71889e+08
2,832.1,449.6,0,,2.71889e+08
2,832.1,449.6,0,,2.71889e+08
2,832.1,449.6,0,,2.71889e+08
2,832.1,449.6,0,,2.71889e+08
2,832.1,449.6,0,,2.71889e+08
2,832.1,449.6,0,,2.71889e+08
2,832.1,449.6,0,,2.71889e+08
2,832.1,449.6,0,,2.71889e+08
2,832.1,449.6,0,,2.71889e+08
2,832.1,449.6,0,,2.71889e+08
2,585,440.3,0,,2.71889e+08
2,585,440.3,0,,2.71889e+08
2,585,440.3,0,,2.71889e+08
2,585,440.3,0,,2.71889e+08
2,585,440.3,0,,2.71889e+08
2,577.4,403.2,0,,2.71889e+08
2,577.8,403.6,0,,2.71889e+08
2,577.7,403.8,0,,2.71889e+08
2,577.7,403.8,0,,2.71889e+08
2,581.6,395.4,0,,2.71889e+08
2,582.7,391.8,0,,2.71889e+08
2,582.7,391.8,0,,2.71889e+08
2,582.3,391.9,0,,2.71889e+08
2,582.1,393.6,0,,2.71889e+08
2,581.4,395.7,0,,2.71889e+08
2,575.9,407.8,0,,2.71889e+08
2,575.9,407.8,0,,2.71889e+08
2,574,414.9,0,,2.71889e+08
2,573.6,414.1,0,,2.71889e+08
2,573.4,410.3,0,,2.71889e+08
2,574.6,401.6,0,,2.71889e+08
2,574.3,403.6,0,,2.71889e+08
2,576.1,395.1,0,,2.71889e+08
2,576.3,394.2,0,,2.71889e+08
2,570.7,380.8,0,,2.71889e+08
2,570.7,381.3,0,,2.71889e+08
2,569.8,381.4,0,,2.71889e+08
2,563.2,389,0,,2.71889e+08
2,561.7,389.6,0,,2.71889e+08
2,560.6,391.4,0,,2.71889e+08
2,564.5,392.9,0,,2.71889e+08
2,568.7,399.1,0,,2.71889e+08
2,590.2,401.6,0,,2.7189e+08
2,642.4,405.7,0,,2.7189e+08
2,699.1,390.1,0,,2.7189e+08
2,750.6,381,0,,2.7189e+08
2,742.8,389.9,0,,2.7189e+08
2,767.5,390.9,0,,2.7189e+08
2,766.1,399.9,0,,2.7189e+08
2,765.2,403.3,0,,2.7189e+08
2,761.1,409.8,0,,2.7189e+08
2,753.2,416.3,0,,2.7189e+08
2,751.1,411.1,0,,2.7189e+08
2,750.9,407.3,0,,2.7189e+08
2,754.4,402.9,0,,2.7189e+08
2,760,405.6,0,,2.7189e+08
2,760,405.6,0,,2.7189e+08
2,759.4,404.6,0,,2.7189e+08
2,763.4,403.1,0,,2.7189e+08
2,768,402.8,0,,2.7189e+08
2,775.5,401,0,,2.7189e+08
2,778.9,404.3,0,,2.7189e+08
2,777,403.4,0,,2.7189e+08
2,775.4,398.6,0,,2.7189e+08
2,770.4,389.7,0,,2.7189e+08
2,769.2,391,0,,2.7189e+08
2,768.6,391.1,0,,2.7189e+08
2,771,394.7,0,,2.7189e+08
2,770,397.4,0,,2.7189e+08
2,768.5,400.4,0,,2.7189e+08
2,768.4,398.5,0,,2.7189e+08
2,766,398.1,0,,2.7189e+08
2,768.5,398.8,0,,2.7189e+08
2,773.2,396.4,0,,2.7189e+08
2,773.1,396.5,0,,2.7189e+08
2,770.6,395.8,0,,2.7189e+08
2,769.4,395,0,,2.7189e+08
2,768.8,393.7,0,,2.7189e+08
2,768.8,393.7,0,,2.7189e+08
2,768.8,393.7,0,,2.7189e+08
2,766.7,392,0,,2.7189e+08
2,765.6,391,0,,2.7189e+08
2,770.2,378.4,0,,2.7189e+08
2,770.9,376.1,0,,2.7189e+08
2,769.4,378.2,0,,2.7189e+08
2,766.1,401.2,0,,2.7189e+08
2,767.2,401.7,0,,2.7189e+08
2,772.1,400.1,0,,2.7189e+08
2,775.8,399.1,0,,2.7189e+08
2,767,392.8,0,,2.7189e+08
2,772,388.8,0,,2.7189e+08
2,769.7,381.2,0,,2.7189e+08
2,764,381.8,0,,2.7189e+08
2,766.2,379.1,0,,2.7189e+08
2,767.1,379,0,,2.7189e+08
2,770.9,378.4,0,,2.7189e+08
2,770.9,378.4,0,,2.7189e+08
2,759.8,384.2,0,,2.7189e+08
2,760.2,375.7,0,,2.7189e+08
2,760.5,376.7,0,,2.7189e+08
2,773,376.8,0,,2.7189e+08
2,772.2,379.2,0,,2.7189e+08
2,767.9,383.4,0,,2.7189e+08
2,766.8,393.4,0,,2.71891e+08
2,763.8,398.7,0,,2.71891e+08
2,761.6,402.9,0,,2.71891e+08
2,761.6,402.9,0,,2.71891e+08
2,759.9,405.5,0,,2.71891e+08
2,759.9,405.5,0,,2.71891e+08
2,761,407.1,0,,2.71891e+08
2,770.7,407.5,0,,2.71891e+08
2,770.7,407.5,0,,2.71891e+08
2,770.9,405.6,0,,2.71891e+08
2,771.1,405,0,,2.71891e+08
2,766,394,0,,2.71891e+08
2,763.7,391.5,0,,2.71891e+08
2,762.2,388.7,0,,2.71891e+08
2,756.8,378.5,0,,2.71891e+08
2,756.3,379.4,0,,2.71891e+08
2,758.1,395.5,0,,2.71891e+08
2,760.9,400.6,0,,2.71891e+08
2,759.7,398.7,0,,2.71891e+08
2,759,403.3,0,,2.71891e+08
2,729.8,401.6,0,,2.71891e+08
2,722.4,401.2,0,,2.71891e+08
2,678.3,392.6,0,,2.71891e+08
2,345.3,333.8,0,,2.71891e+08
2,333.4,341,0,,2.71891e+08
2,328.1,345.9,0,,2.71891e+08
2,307.7,347.8,0,,2.71891e+08
2,267.4,354.8,0,,2.71891e+08
2,252.8,366.8,0,,2.71891e+08
2,252.8,366.8,0,,2.71891e+08
2,247.2,367.4,0,,2.71891e+08
2,239.5,365.4,0,,2.71891e+08
2,224.2,356.6,0,,2.71891e+08
2,224.9,356.8,0,,2.71891e+08
2,224.9,356.6,0,,2.71891e+08
2,224.9,356.6,0,,2.71891e+08
2,214.4,373.9,0,,2.71891e+08
2,214.4,373.9,0,,2.71891e+08
2,225.3,406,0,,2.71891e+08
2,206.6,369.4,0,,2.71891e+08
2,221.4,369.8,0,,2.71891e+08
2,227.3,382.2,0,,2.71891e+08
2,212.5,349.7,0,,2.71891e+08
2,217.3,355.1,0,,2.71891e+08
2,212.3,347.5,0,,2.71891e+08
2,207,346.4,0,,2.71891e+08
2,214.4,356.1,0,,2.71891e+08
2,214.6,354.7,0,,2.71891e+08
2,212.2,354.5,0,,2.71891e+08
2,246.6,367.3,0,,2.71891e+08
2,318.2,371,0,,2.71891e+08
2,345.8,384.4,0,,2.71891e+08
2,339,373,0,,2.71891e+08
2,342.7,372.9,0,,2.71891e+08
2,348.3,381.5,0,,2.71891e+08
2,346.6,379,0,,2.71891e+08
2,346.6,379,0,,2.71891e+08
2,364.2,412.6,0,,2.71891e+08
2,364.2,412.6,0,,2.71891e+08
2,364.2,412.6,0,,2.71891e+08
2,364.2,412.6,0,,2.71891e+08
2,364.2,412.6,0,,2.71891e+08
2,355.7,397.2,0,,2.71892e+08
2,362.9,397.6,0,,2.71892e+08
2,441.9,358.7,0,,2.71892e+08
2,451.1,364.3,0,,2.71892e+08
2,459.3,369.8,0,,2.71892e+08
2,473.2,379.4,0,,2.71892e+08
2,480.6,385.8,0,,2.71892e+08
2,485.4,389.8,0,,2.71892e+08
2,477.2,386.6,0,,2.71892e+08
2,466.4,383.2,0,,2.71892e+08
2,450.2,385.5,0,,2.71892e+08
2,442.9,384.6,0,,2.71892e+08
2,429,382.8,0,,2.71892e+08
2,421.6,390.2,0,,2.71892e+08
2,422.2,388.2,0,,2.71892e+08
2,419.8,390.6,0,,2.71892e+08
2,420.2,390.8,0,,2.71892e+08
2,418.2,395.3,0,,2.71892e+08
2,418.2,397.4,0,,2.71892e+08
2,418,398.2,0,,2.71892e+08
2,418.1,400,0,,2.71892e+08
2,418.1,400,0,,2.71892e+08
2,424.6,405,0,,2.71892e+08
2,443.6,404.6,0,,2.71892e+08
2,558,409.3,0,,2.71892e+08
2,576.2,411.5,0,,2.71892e+08
2,592.2,412.3,0,,2.71892e+08
2,595.9,408.6,0,,2.71892e+08
2,597.7,406.3,0,,2.71892e+08
2,598.8,405.6,0,,2.71892e+08
2,598.8,405.6,0,,2.71892e+08
2,600,390.5,0,,2.71892e+08
2,602.3,389.9,0,,2.71892e+08
2,602.7,393.9,0,,2.71892e+08
2,606,403.2,0,,2.71892e+08
2,611.8,407.9,0,,2.71892e+08
2,627.8,414.2,0,,2.71892e+08
2,653.6,414.4,0,,2.71892e+08
2,667.2,414.9,0,,2.71892e+08
2,667.2,414.9,0,,2.71892e+08
2,733.7,404,0,,2.71892e+08
2,736.3,402.8,0,,2.71892e+08
2,737.5,401.4,0,,2.71892e+08
2,737.4,401.6,0,,2.71892e+08
2,742.9,404.3,0,,2.71892e+08
2,751.7,408.4,0,,2.71892e+08
2,785.3,404.8,0,,2.71892e+08
2,789.3,404.5,0,,2.71892e+08
2,789.3,404.5,0,,2.71892e+08
2,832.8,399.1,0,,2.71892e+08
2,844.9,396.6,0,,2.71892e+08
2,833.5,399.9,0,,2.71892e+08
2,833.5,399.7,0,,2.71892e+08
2,833.6,400,0,,2.71892e+08
2,861.8,399.7,0,,2.71892e+08
2,888.9,392.1,0,,2.71892e+08
2,888.9,392.1,0,,2.71892e+08
2,895.9,391.1,0,,2.71893e+08
2,912.6,386.5,0,,2.71893e+08
2,951.7,384.6,0,,2.71893e+08
2,950.8,380.2,0,,2.71893e+08
2,1021.5,374.7,0,,2.71893e+08
2,1031.1,371.4,0,,2.71893e+08
2,1035.3,370.1,0,,2.71893e+08
2,1052.4,367.2,0,,2.71893e+08
2,1052.4,367.2,0,,2.71893e+08
2,1055.4,361.3,0,,2.71893e+08
2,1055,371.2,0,,2.71893e+08
2,1054,375.1,0,,2.71893e+08
2,1053.3,380.4,0,,2.71893e+08
2,1053.5,380.1,0,,2.71893e+08
2,1060.6,374,0,,2.71893e+08
2,1063.9,371.4,0,,2.71893e+08
2,1061.7,370.4,0,,2.71893e+08
2,1058.4,367.5,0,,2.71893e+08
2,1058.4,367.5,0,,2.71893e+08
2,1083.5,380.4,0,,2.71893e+08
2,1077.5,382.3,0,,2.71893e+08
2,1125.5,374.2,0,,2.71893e+08
2,1126.3,376.8,0,,2.71893e+08
2,1141.2,375.3,0,,2.71893e+08
2,1198.1,365.6,0,,2.71893e+08
2,1196.6,366.9,0,,2.71893e+08
2,1196.6,366.9,0,,2.71893e+08
2,1196.6,366.9,0,,2.71893e+08
2,1193.7,394.2,0,,2.71893e+08
2,1188.4,390.3,0,,2.71893e+08
2,697.6,388.6,0,,2.71893e+08
2,486.8,389.7,0,,2.71893e+08
2,336,386.9,0,,2.71893e+08
2,337.9,383.8,0,,2.71893e+08
2,334.6,371.1,0,,2.71893e+08
2,320.7,374.3,0,,2.71893e+08
2,279.9,372.8,0,,2.71893e+08
2,279.5,380.4,0,,2.71893e+08
2,264.4,387.3,0,,2.71893e+08
2,261.9,388.9,0,,2.71893e+08
2,261.9,386.6,0,,2.71893e+08
2,263.8,389.8,0,,2.71893e+08
2,253.2,384.9,0,,2.71893e+08
2,247.4,376.7,0,,2.71893e+08
2,243.2,374.1,0,,2.71893e+08
2,243.2,374.1,0,,2.71893e+08
2,243.4,373.9,0,,2.71893e+08
2,243.1,378.7,0,,2.71893e+08
2,248.6,397.8,0,,2.71893e+08
2,249.3,393.4,0,,2.71893e+08
2,249.7,392.5,0,,2.71893e+08
2,255,391,0,,2.71893e+08
2,254.1,391.6,0,,2.71893e+08
2,270.4,397.6,0,,2.71893e+08
2,270.4,397.6,0,,2.71893e+08
