page,x,y,word,word_index,timestamp
0,1920,0,0,,0
0,812.7,328.4,0,,5.43099e+08
0,812.7,328.4,0,,5.43099e+08
0,812.7,328.4,0,,5.43099e+08
0,812.7,328.4,0,,5.43099e+08
0,812.7,328.4,0,,5.43099e+08
0,812.7,328.4,0,,5.43099e+08
0,806.7,445.5,0,,5.43099e+08
0,808.4,494.9,0,,5.43099e+08
0,822.4,508.8,0,,5.43099e+08
0,825.5,511.9,0,,5.43099e+08
0,826.8,509.1,0,,5.43099e+08
0,816.3,494.9,0,,5.43099e+08
0,814.9,487,0,,5.43099e+08
0,813.1,481.5,0,,5.43099e+08
0,813.1,481.5,0,,5.43099e+08
0,821,481.8,0,,5.43099e+08
0,821,481.8,0,,5.43099e+08
0,821,481.8,0,,5.43099e+08
0,821,481.8,0,,5.43099e+08
0,821,481.8,0,,5.43099e+08
0,821,481.8,0,,5.43099e+08
0,821,481.8,0,,5.43099e+08
0,823.2,523.5,0,,5.43099e+08
0,266.7,154.4,0,,5.43099e+08
0,257.8,106.5,0,,5.43099e+08
0,257.5,78,0,,5.43099e+08
0,248.8,74.3,0,,5.43099e+08
0,246.8,77,0,,5.43099e+08
0,249.8,84.2,0,,5.43099e+08
0,252,93.5,0,,5.43099e+08
0,248.9,92.6,0,,5.43099e+08
0,245.8,88.5,0,,5.43099e+08
0,237.4,77,0,,5.43099e+08
0,220.5,54.7,0,,5.43099e+08
0,198.7,45.9,0,,5.43099e+08
0,198.7,45.9,0,,5.43099e+08
0,171,29.7,0,,5.43099e+08
0,149.3,23,0,,5.43099e+08
0,138.5,36.8,0,,5.43099e+08
0,140,49.9,0,,5.43099e+08
0,140,49.9,0,,5.43099e+08
0,131.9,67.4,0,,5.43099e+08
0,131.2,48,0,,5.431e+08
0,131.2,48,0,,5.431e+08
0,118.2,40.5,0,,5.431e+08
0,118.2,40.5,0,,5.431e+08
0,118.2,40.5,0,,5.431e+08
0,91.3,56,0,,5.431e+08
0,91.3,56,0,,5.431e+08
0,3.19995,85.1,0,,5.431e+08
0,4.59998,78.4,0,,5.431e+08
0,4.59998,78.4,0,,5.431e+08
0,11.3,73.1,0,,5.431e+08
0,21.6,71.3,0,,5.431e+08
0,21.6,71.3,0,,5.431e+08
0,11.3,76.5,0,,5.431e+08
0,11.3,76.5,0,,5.431e+08
0,-4.30005,79.6,0,,5.431e+08
0,-8.59998,84.8,0,,5.431e+08
0,-8.59998,84.8,0,,5.431e+08
0,-19,51.4,0,,5.431e+08
0,-19.4,50,0,,5.431e+08
0,-6.09998,63.8,0,,5.431e+08
0,1,71.4,0,,5.431e+08
0,1,71.4,0,,5.431e+08
0,119.6,177.4,0,,5.431e+08
0,119.6,177.4,0,,5.431e+08
0,119.6,177.4,0,,5.431e+08
0,119.6,177.4,0,,5.431e+08
0,119.6,177.4,0,,5.431e+08
0,119.6,177.4,0,,5.431e+08
0,119.6,177.4,0,,5.431e+08
0,119.6,177.4,0,,5.431e+08
0,119.6,177.4,0,,5.431e+08
0,812.9,817.3,0,,5.431e+08
0,812.9,817.3,0,,5.431e+08
0,759.2,820.1,0,,5.431e+08
0,768.6,808.2,0,,5.431e+08
0,785.5,800.2,0,,5.431e+08
0,780.6,801.3,0,,5.431e+08
0,789.7,799.7,0,,5.431e+08
0,813.1,796.3,0,,5.431e+08
0,813.1,796.3,0,,5.431e+08
0,818.2,799.5,0,,5.431e+08
0,817.4,799.1,0,,5.431e+08
0,824.1,788,0,,5.431e+08
0,828.8,790.2,0,,5.431e+08
0,844.1,848,0,,5.431e+08
0,844.1,848,0,,5.431e+08
0,963.6,1108.5,0,,5.431e+08
0,987.9,1185.5,0,,5.431e+08
0,1001.3,1227.1,0,,5.431e+08
0,1001.3,1227.1,0,,5.431e+08
0,1047.6,1331.8,0,,5.431e+08
0,1046.9,1333.3,0,,5.431e+08
0,1045.3,1335.8,0,,5.431e+08
0,1047.1,1336.2,0,,5.431e+08
0,1042.7,1340.5,0,,5.431e+08
0,1033.2,1356.7,0,,5.431e+08
0,991.2,1381.5,0,,5.431e+08
0,991.2,1381.5,0,,5.431e+08
0,980.7,1388.1,0,,5.431e+08
0,974.8,1385.5,0,,5.43101e+08
0,975.8,1387.7,0,,5.43101e+08
0,962.7,1420,0,,5.43101e+08
0,956.5,1414.9,0,,5.43101e+08
0,969.1,1418.4,0,,5.43101e+08
0,966.4,1414.5,0,,5.43101e+08
0,964.7,1412.4,0,,5.43101e+08
0,964.7,1412.4,0,,5.43101e+08
0,954.6,1405.9,0,,5.43101e+08
0,946.3,1399.2,0,,5.43101e+08
0,945.5,1396.3,0,,5.43101e+08
0,945.4,1396.3,0,,5.43101e+08
0,947.6,1400.4,0,,5.43101e+08
0,951.7,1409.7,0,,5.43101e+08
0,973.8,1410.6,0,,5.43101e+08
0,971.1,1402.6,0,,5.43101e+08
0,971.7,1404.8,0,,5.43101e+08
0,973.8,1401.9,0,,5.43101e+08
0,970.8,1390.7,0,,5.43101e+08
0,983,1387,0,,5.43101e+08
0,993.3,1392.5,0,,5.43101e+08
0,982.6,1393.5,0,,5.43101e+08
0,988.5,1394.6,0,,5.43101e+08
0,982.6,1403.1,0,,5.43101e+08
0,972.3,1399.9,0,,5.43101e+08
0,972.3,1399.9,0,,5.43101e+08
0,972.3,1399.9,0,,5.43101e+08
0,972.3,1399.9,0,,5.43101e+08
0,972.3,1399.9,0,,5.43101e+08
0,972.3,1399.9,0,,5.43101e+08
0,972.3,1399.9,0,,5.43101e+08
0,972.3,1399.9,0,,5.43101e+08
0,794.1,1283.5,0,,5.43101e+08
0,794.1,1283.5,0,,5.43101e+08
0,794.1,1283.5,0,,5.43101e+08
0,794.1,1283.5,0,,5.43101e+08
0,826.8,746,0,,5.43101e+08
0,841.1,718.3,0,,5.43101e+08
0,846.6,685.7,0,,5.43101e+08
0,841.3,684.2,0,,5.43101e+08
0,840.1,680.4,0,,5.43101e+08
0,837.6,681.2,0,,5.43101e+08
0,835.7,682.7,0,,5.43101e+08
0,835.7,682.7,0,,5.43101e+08
0,836.4,679.2,0,,5.43101e+08
0,833.7,682.8,0,,5.43101e+08
0,835.3,681,0,,5.43101e+08
0,841.3,673.5,0,,5.43101e+08
0,842,672.3,0,,5.43101e+08
0,843.9,666.4,0,,5.43101e+08
0,842.8,671.3,0,,5.43101e+08
0,847.6,678.4,0,,5.43101e+08
0,847.6,678.4,0,,5.43101e+08
0,845.2,677.1,0,,5.43101e+08
0,842.2,687.6,0,,5.43101e+08
0,839.8,689.5,0,,5.43101e+08
0,838.7,688.3,0,,5.43101e+08
0,837.6,686.2,0,,5.43101e+08
0,834.7,689.5,0,,5.43101e+08
0,835.2,691.8,0,,5.43101e+08
0,836,690.1,0,,5.43102e+08
0,836,690.1,0,,5.43102e+08
0,846.6,706,0,,5.43102e+08
0,941,779.8,0,,5.43102e+08
0,955.6,793.7,0,,5.43102e+08
0,992.6,828.5,0,,5.43102e+08
0,1008.2,842.7,0,,5.43102e+08
0,1006.4,842.2,0,,5.43102e+08
0,1138.9,980.4,0,,5.43102e+08
0,1143.1,978.8,0,,5.43102e+08
0,1143.1,978.8,0,,5.43102e+08
0,1136.1,982.9,0,,5.43102e+08
0,1138.8,982,0,,5.43102e+08
0,1138.9,982,0,,5.43102e+08
0,1142.7,982,0,,5.43102e+08
0,1148.8,979.3,0,,5.43102e+08
0,1145.8,980.6,0,,5.43102e+08
0,1145.1,980.9,0,,5.43102e+08
0,1146.6,978.8,0,,5.43102e+08
0,1146.6,978.8,0,,5.43102e+08
0,1145.3,976.5,0,,5.43102e+08
0,1148,974.7,0,,5.43102e+08
0,1152.4,974.5,0,,5.43102e+08
0,1157.4,975.2,0,,5.43102e+08
0,1160.6,978.8,0,,5.43102e+08
0,1161,978.7,0,,5.43102e+08
0,1156.9,981.8,0,,5.43102e+08
0,1161.6,981.9,0,,5.43102e+08
0,1161.6,981.9,0,,5.43102e+08
0,1161.6,1008.4,0,,5.43102e+08
0,1175,997.6,0,,5.43102e+08
0,1146.8,1108.5,0,,5.43102e+08
0,1130.1,1176.1,0,,5.43102e+08
0,1109.4,1269,0,,5.43102e+08
0,1109.4,1269,0,,5.43102e+08
0,1109.4,1269,0,,5.43102e+08
0,1104.8,1300.1,0,,5.43102e+08
0,1104.8,1300.1,0,,5.43102e+08
0,1104.8,1300.1,0,,5.43102e+08
0,1101.9,1301.8,0,,5.43102e+08
0,1101.9,1301.8,0,,5.43102e+08
0,1105.5,1331.8,0,,5.43102e+08
0,1106.2,1335.5,0,,5.43102e+08
0,1051.6,1375.9,0,,5.43102e+08
0,1025.9,1397.9,0,,5.43102e+08
0,1025.9,1397.9,0,,5.43102e+08
0,1025.9,1397.9,0,,5.43102e+08
0,984.6,1416.1,0,,5.43102e+08
0,984.6,1416.1,0,,5.43102e+08
0,982,1394.1,0,,5.43102e+08
0,981.9,1398.9,0,,5.43102e+08
0,980.6,1388.8,0,,5.43102e+08
0,960.3,1396.8,0,,5.43102e+08
0,952.1,1398.6,0,,5.43102e+08
0,954.1,1394.8,0,,5.43102e+08
0,954.1,1394.8,0,,5.43102e+08
0,954.1,1394.8,0,,5.43102e+08
0,951.5,1394.4,0,,5.43102e+08
0,958.7,1362.1,0,,5.43102e+08
0,958.7,1362.1,0,,5.43102e+08
0,958.7,1362.1,0,,5.43102e+08
0,958.7,1362.1,0,,5.43102e+08
0,958.7,1362.1,0,,5.43102e+08
0,958.7,1362.1,0,,5.43102e+08
0,958.7,1362.1,0,,5.43102e+08
0,958.7,1362.1,0,,5.43102e+08
0,958.7,1362.1,0,,5.43102e+08
0,958.7,1362.1,0,,5.43102e+08
0,621.3,527.3,0,,5.43103e+08
0,621.3,527.3,0,,5.43103e+08
0,590.5,413.5,0,,5.43103e+08
0,598.9,385.5,0,,5.43103e+08
0,601.1,381.2,0,,5.43103e+08
0,601.1,381.2,0,,5.43103e+08
0,605.1,344.1,0,,5.43103e+08
0,605.3,344.5,0,,5.43103e+08
0,605.4,346.8,0,,5.43103e+08
0,604.5,343.4,0,,5.43103e+08
0,606.8,358.8,0,,5.43103e+08
0,606.3,354.6,0,,5.43103e+08
0,606.4,356.8,0,,5.43103e+08
0,607.1,368.2,0,,5.43103e+08
0,607.1,368.2,0,,5.43103e+08
0,612.7,393.4,0,,5.43103e+08
0,613.7,384.7,0,,5.43103e+08
0,613.9,382.4,0,,5.43103e+08
0,606.6,345.3,0,,5.43103e+08
0,611.1,366.8,0,,5.43103e+08
0,612.1,366,0,,5.43103e+08
0,612.2,344.1,0,,5.43103e+08
0,611.8,345.1,0,,5.43103e+08
0,611.8,345.1,0,,5.43103e+08
0,610.6,353.9,0,,5.43103e+08
0,610.9,355.6,0,,5.43103e+08
0,615.5,343.6,0,,5.43103e+08
0,613,355,0,,5.43103e+08
0,614.1,339.4,0,,5.43103e+08
0,613.3,342,0,,5.43103e+08
0,613,346.6,0,,5.43103e+08
0,612.3,337.4,0,,5.43103e+08
0,612.3,337.4,0,,5.43103e+08
0,610.8,346.7,0,,5.43103e+08
0,610.8,365.3,0,,5.43103e+08
0,611.6,375.9,0,,5.43103e+08
0,611.6,375.9,0,,5.43103e+08
0,612.5,380.9,0,,5.43103e+08
0,616.4,379.1,0,,5.43103e+08
0,617.1,379.1,0,,5.43103e+08
0,617,379.2,0,,5.43103e+08
0,617,379.2,0,,5.43103e+08
0,618.5,378.4,0,,5.43103e+08
0,618.7,378.6,0,,5.43103e+08
0,619.5,378.7,0,,5.43103e+08
0,619.6,383.8,0,,5.43103e+08
0,620.1,384.9,0,,5.43103e+08
0,620,384.8,0,,5.43103e+08
0,620.2,386.1,0,,5.43103e+08
0,620.1,378.7,0,,5.43103e+08
0,620.1,378.7,0,,5.43103e+08
0,618.4,374.9,0,,5.43103e+08
0,619.3,372.7,0,,5.43104e+08
0,617.7,384.6,0,,5.43104e+08
0,618.3,379.7,0,,5.43104e+08
0,616.9,385,0,,5.43104e+08
0,616,382.1,0,,5.43104e+08
0,616.3,380.6,0,,5.43104e+08
0,616.4,368.1,0,,5.43104e+08
0,616.4,368.1,0,,5.43104e+08
0,617,368.1,0,,5.43104e+08
0,618.2,369.6,0,,5.43104e+08
0,618.1,372.5,0,,5.43104e+08
0,618,373.7,0,,5.43104e+08
0,616.3,389,0,,5.43104e+08
0,614.7,386.8,0,,5.43104e+08
0,613.7,383.5,0,,5.43104e+08
0,609.6,396.8,0,,5.43104e+08
0,609.6,396.8,0,,5.43104e+08
0,608.3,391.8,0,,5.43104e+08
0,610.9,384.6,0,,5.43104e+08
0,613.2,379.2,0,,5.43104e+08
0,617.5,369.8,0,,5.43104e+08
0,615.5,377.1,0,,5.43104e+08
0,618.7,367,0,,5.43104e+08
0,619.2,362.8,0,,5.43104e+08
0,618.7,367.1,0,,5.43104e+08
0,618.7,367.1,0,,5.43104e+08
0,622.1,384.9,0,,5.43104e+08
0,614.8,359.3,0,,5.43104e+08
0,677.5,448.4,0,,5.43104e+08
0,779.8,553.2,0,,5.43104e+08
0,888.3,664,0,,5.43104e+08
0,978.1,756.9,0,,5.43104e+08
0,1056.7,839.2,0,,5.43104e+08
0,1178.5,966,0,,5.43104e+08
0,1178.5,966,0,,5.43104e+08
0,1182,976.6,0,,5.43104e+08
0,1182,975.3,0,,5.43104e+08
0,1181.7,966.9,0,,5.43104e+08
0,1181.1,964.8,0,,5.43104e+08
0,1182.4,961.8,0,,5.43104e+08
0,1190.2,964.1,0,,5.43104e+08
0,1189.4,963.7,0,,5.43104e+08
0,1188.4,961.2,0,,5.43104e+08
0,1188.4,961.2,0,,5.43104e+08
0,1190.6,960.6,0,,5.43104e+08
0,1190.9,958.2,0,,5.43104e+08
0,1187.9,957.2,0,,5.43104e+08
0,1188.6,957.4,0,,5.43104e+08
0,1188.3,957.2,0,,5.43104e+08
0,1189,958.4,0,,5.43104e+08
0,1189.4,959.6,0,,5.43104e+08
0,1189.5,962.2,0,,5.43104e+08
0,1189.5,962.2,0,,5.43104e+08
0,1190.1,962.1,0,,5.43104e+08
0,1192,960.4,0,,5.43104e+08
0,1185.2,957.5,0,,5.43104e+08
0,1186.4,960.3,0,,5.43104e+08
0,1187.2,966.2,0,,5.43104e+08
0,1147.9,998,0,,5.43104e+08
0,935,1206.7,0,,5.43104e+08
0,906.8,1235,0,,5.43105e+08
0,906.8,1235,0,,5.43105e+08
0,888.8,1252.4,0,,5.43105e+08
0,880.3,1259.9,0,,5.43105e+08
0,890.3,1277.2,0,,5.43105e+08
0,872.5,1265,0,,5.43105e+08
0,871.9,1265.5,0,,5.43105e+08
0,874.6,1263.5,0,,5.43105e+08
0,865.1,1256.6,0,,5.43105e+08
0,873.9,1267.6,0,,5.43105e+08
0,873.9,1267.6,0,,5.43105e+08
0,874.1,1270.3,0,,5.43105e+08
0,893,1297,0,,5.43105e+08
0,893,1297,0,,5.43105e+08
0,905.9,1331.4,0,,5.43105e+08
0,901.7,1329.8,0,,5.43105e+08
0,927.1,1350.3,0,,5.43105e+08
0,926.3,1351.6,0,,5.43105e+08
0,933.7,1360.3,0,,5.43105e+08
0,933.7,1360.3,0,,5.43105e+08
0,922.9,1353.1,0,,5.43105e+08
0,934.5,1362.6,0,,5.43105e+08
0,934.5,1362.6,0,,5.43105e+08
0,946.3,1355.7,0,,5.43105e+08
0,946.3,1355.7,0,,5.43105e+08
0,953.2,1356.2,0,,5.43105e+08
0,952.3,1356.1,0,,5.43105e+08
0,952.3,1356.1,0,,5.43105e+08
0,952.3,1356.1,0,,5.43105e+08
0,942.4,1354.2,0,,5.43105e+08
0,942.4,1354.2,0,,5.43105e+08
0,942.4,1354.2,0,,5.43105e+08
0,942.4,1354.2,0,,5.43105e+08
0,942.4,1354.2,0,,5.43105e+08
0,942.4,1354.2,0,,5.43105e+08
0,942.4,1354.2,0,,5.43105e+08
0,942.4,1354.2,0,,5.43105e+08
0,942.4,1354.2,0,,5.43105e+08
0,942.4,1354.2,0,,5.43105e+08
0,942.4,1354.2,0,,5.43105e+08
0,942.4,1354.2,0,,5.43105e+08
0,544.3,590.1,0,,5.43105e+08
0,546.3,515.9,0,,5.43105e+08
0,572.8,477.8,0,,5.43105e+08
0,588.2,443,0,,5.43105e+08
0,599.1,419.6,0,,5.43105e+08
0,599.1,419.6,0,,5.43105e+08
0,604.1,409.1,0,,5.43105e+08
0,605.1,407,0,,5.43105e+08
0,608.9,399.9,0,,5.43105e+08
0,608.5,406.5,0,,5.43105e+08
0,608.5,406.5,0,,5.43105e+08
0,608.8,413.3,0,,5.43105e+08
0,612.8,432.5,0,,5.43105e+08
0,612.8,432.5,0,,5.43105e+08
0,612.8,432.5,0,,5.43105e+08
0,604.5,416.3,0,,5.43105e+08
0,400.2,194.6,0,,5.43105e+08
0,382.1,177.9,0,,5.43105e+08
0,353.3,149,0,,5.43106e+08
0,352.4,150,0,,5.43106e+08
0,351.8,152.6,0,,5.43106e+08
0,325.3,118.8,0,,5.43106e+08
0,346.1,155.5,0,,5.43106e+08
0,346.1,155.5,0,,5.43106e+08
0,344.6,162.5,0,,5.43106e+08
0,339.8,164,0,,5.43106e+08
0,347.2,172.2,0,,5.43106e+08
0,343.9,162,0,,5.43106e+08
0,310.7,103.6,0,,5.43106e+08
0,310.7,103.6,0,,5.43106e+08
0,283.1,91,0,,5.43106e+08
0,264.1,83.8,0,,5.43106e+08
0,264.1,83.8,0,,5.43106e+08
0,90.4,64.2,0,,5.43106e+08
0,90.4,64.2,0,,5.43106e+08
0,63,100.1,0,,5.43106e+08
0,73.6,87.5,0,,5.43106e+08
0,73.6,87.5,0,,5.43106e+08
0,73.6,87.5,0,,5.43106e+08
0,73.6,87.5,0,,5.43106e+08
0,73.6,87.5,0,,5.43106e+08
0,73.6,87.5,0,,5.43106e+08
0,73.6,87.5,0,,5.43106e+08
0,73.6,87.5,0,,5.43106e+08
0,73.6,87.5,0,,5.43106e+08
0,620.8,546,0,,5.43106e+08
0,483.3,391.5,0,,5.43106e+08
0,509.7,420.4,0,,5.43106e+08
0,530.3,440.2,0,,5.43106e+08
0,533.2,441.2,0,,5.43106e+08
0,533.2,441.2,0,,5.43106e+08
0,538.4,434.9,0,,5.43106e+08
0,550.5,423.8,0,,5.43106e+08
0,537,383,0,,5.43106e+08
0,519.2,324,0,,5.43106e+08
0,514.9,309.7,0,,5.43106e+08
0,513.2,303.7,0,,5.43106e+08
0,512.8,302,0,,5.43106e+08
0,511.4,297.8,0,,5.43106e+08
0,511.4,297.8,0,,5.43106e+08
0,508.9,289.1,0,,5.43106e+08
0,509.1,290.7,0,,5.43106e+08
0,507.9,300.9,0,,5.43106e+08
0,506.6,299.4,0,,5.43106e+08
0,507.7,296.5,0,,5.43106e+08
0,510,285.2,0,,5.43106e+08
0,509.6,289.6,0,,5.43106e+08
0,572.9,390.7,0,,5.43106e+08
0,572.9,390.7,0,,5.43106e+08
0,877.8,902.4,0,,5.43106e+08
0,905.5,954,0,,5.43106e+08
0,910.3,950.8,0,,5.43106e+08
0,912,943.1,0,,5.43106e+08
0,917.5,946.6,0,,5.43106e+08
0,921.9,952.8,0,,5.43106e+08
0,920.5,956.5,0,,5.43106e+08
0,920.5,956.5,0,,5.43106e+08
0,920.5,956.5,0,,5.43106e+08
0,922.3,964.4,0,,5.43106e+08
0,922.3,962.4,0,,5.43107e+08
0,918.3,953.3,0,,5.43107e+08
0,917.9,953.4,0,,5.43107e+08
0,916.2,956.1,0,,5.43107e+08
0,916.9,957.1,0,,5.43107e+08
0,917.3,956.8,0,,5.43107e+08
0,917.4,956.8,0,,5.43107e+08
0,917.4,956.8,0,,5.43107e+08
0,918.1,958.7,0,,5.43107e+08
0,919.5,959.2,0,,5.43107e+08
0,919.5,959.2,0,,5.43107e+08
0,918.8,960.4,0,,5.43107e+08
0,917.5,962.1,0,,5.43107e+08
0,915.6,963.8,0,,5.43107e+08
0,914.7,965.3,0,,5.43107e+08
0,915.4,967.4,0,,5.43107e+08
0,915.4,967.4,0,,5.43107e+08
0,916.2,967.7,0,,5.43107e+08
0,927,979.3,0,,5.43107e+08
0,1035.7,1157.9,0,,5.43107e+08
0,1089.1,1257,0,,5.43107e+08
0,1096,1275,0,,5.43107e+08
0,1115.3,1304.9,0,,5.43107e+08
0,1117,1304.7,0,,5.43107e+08
0,1118.1,1305.1,0,,5.43107e+08
0,1118.1,1305.1,0,,5.43107e+08
0,1120.8,1305.9,0,,5.43107e+08
0,1126.4,1307.2,0,,5.43107e+08
0,1129.5,1309.5,0,,5.43107e+08
0,1128.2,1308.5,0,,5.43107e+08
0,1126.2,1303.5,0,,5.43107e+08
0,1124.6,1302.1,0,,5.43107e+08
0,1125.5,1303.8,0,,5.43107e+08
0,1122.9,1306.4,0,,5.43107e+08
0,1122.9,1306.4,0,,5.43107e+08
0,1118.5,1308.1,0,,5.43107e+08
0,1119.2,1305.9,0,,5.43107e+08
0,1017,1269.7,0,,5.43107e+08
0,1003.7,1263.5,0,,5.43107e+08
0,996,1236.7,0,,5.43107e+08
0,993.2,1252.3,0,,5.43107e+08
0,993.5,1249.4,0,,5.43107e+08
0,984.8,1259.3,0,,5.43107e+08
0,984.8,1259.3,0,,5.43107e+08
0,985,1258.3,0,,5.43107e+08
0,980,1249.8,0,,5.43107e+08
0,977.8,1254.2,0,,5.43107e+08
0,977.8,1249.8,0,,5.43107e+08
0,978.4,1262,0,,5.43107e+08
0,982.2,1265.5,0,,5.43107e+08
0,982.6,1255.9,0,,5.43107e+08
0,982.4,1256,0,,5.43107e+08
0,982.4,1256,0,,5.43107e+08
0,979.6,1250.2,0,,5.43107e+08
0,978.3,1248.8,0,,5.43107e+08
0,975.5,1250.8,0,,5.43107e+08
0,972.1,1255.5,0,,5.43107e+08
0,971.6,1255.3,0,,5.43107e+08
0,969.1,1251.7,0,,5.43107e+08
0,968.7,1261.8,0,,5.43107e+08
0,968.5,1265.1,0,,5.43108e+08
0,968.5,1265.1,0,,5.43108e+08
0,965.9,1263.1,0,,5.43108e+08
0,966.2,1264.2,0,,5.43108e+08
0,961,1257.3,0,,5.43108e+08
0,959.3,1253.9,0,,5.43108e+08
0,960.6,1252.7,0,,5.43108e+08
0,958.2,1260.6,0,,5.43108e+08
0,958.2,1259.6,0,,5.43108e+08
0,960.3,1254.4,0,,5.43108e+08
0,964.7,1255.8,0,,5.43108e+08
0,965.9,1254.3,0,,5.43108e+08
0,965.8,1253.2,0,,5.43108e+08
0,964.6,1252.6,0,,5.43108e+08
0,965.1,1253.3,0,,5.43108e+08
0,966.6,1253.2,0,,5.43108e+08
0,968.5,1254,0,,5.43108e+08
0,969.3,1255.8,0,,5.43108e+08
0,969.4,1255.9,0,,5.43108e+08
0,969.4,1255.9,0,,5.43108e+08
0,966.2,1259.8,0,,5.43108e+08
0,958.5,1239.7,0,,5.43108e+08
0,952.1,1224.6,0,,5.43108e+08
1,973.3,1250.8,0,,5.43108e+08
1,975.6,1252.2,0,,5.43108e+08
1,975.6,1252.2,0,,5.43108e+08
1,975.6,1252.2,0,,5.43108e+08
1,973.7,1258.6,0,,5.43108e+08
1,974.9,1257.7,0,,5.43108e+08
1,976.1,1255.9,0,,5.43108e+08
1,971.8,1259,0,,5.43108e+08
1,971.8,1259,0,,5.43108e+08
1,971.8,1259,0,,5.43108e+08
1,971.8,1259,0,,5.43108e+08
1,971.8,1259,0,,5.43108e+08
1,971.8,1259,0,,5.43108e+08
1,971.8,1259,0,,5.43108e+08
1,971.8,1259,0,,5.43108e+08
1,971.8,1259,0,,5.43108e+08
1,971.8,1259,0,,5.43108e+08
1,971.8,1259,0,,5.43108e+08
1,211.9,443.3,0,,5.43108e+08
1,700.9,592.1,0,,5.43108e+08
1,693.5,547.8,0,,5.43108e+08
1,693.5,547.8,0,,5.43108e+08
1,732.7,381.1,0,,5.43108e+08
2,755.3,371.8,0,,5.43108e+08
2,746,374.2,0,,5.43108e+08
2,733.5,378.7,0,,5.43108e+08
2,693.9,396.9,0,,5.43108e+08
2,645.4,404.6,0,,5.43109e+08
2,624.3,408.7,0,,5.43109e+08
2,625.7,416,0,,5.43109e+08
2,625.7,416.5,0,,5.43109e+08
2,626.8,428.7,0,,5.43109e+08
2,630.5,440.5,0,,5.43109e+08
2,630,443.5,0,,5.43109e+08
2,629.8,441.8,0,,5.43109e+08
2,629,441,0,,5.43109e+08
2,626.5,435.6,0,,5.43109e+08
2,622.8,432.4,0,,5.43109e+08
2,624,432.8,0,,5.43109e+08
2,624,438.9,0,,5.43109e+08
2,624.2,440.5,0,,5.43109e+08
2,624.2,440.5,0,,5.43109e+08
2,632.5,445.6,0,,5.43109e+08
2,608.9,444.4,0,,5.43109e+08
2,422.4,431.3,0,,5.43109e+08
3,388,428.4,0,,5.43109e+08
3,346.5,426.2,0,,5.43109e+08
3,314.1,424.6,0,,5.43109e+08
3,314.1,425.5,0,,5.43109e+08
3,330.5,440.6,0,,5.43109e+08
3,330.5,440.6,0,,5.43109e+08
3,319.5,432.9,0,,5.43109e+08
3,325.7,429.5,0,,5.43109e+08
3,328.9,435.9,0,,5.43109e+08
3,330.5,441.3,0,,5.43109e+08
3,322.1,443,0,,5.43109e+08
3,316.9,437.7,0,,5.43109e+08
3,316.5,438.6,0,,5.43109e+08
3,314.6,437.9,0,,5.43109e+08
3,307.7,434.1,0,,5.43109e+08
3,299.2,429.4,0,,5.43109e+08
3,301.4,432.4,0,,5.43109e+08
3,295.9,444.9,0,,5.43109e+08
3,247.8,429.5,0,,5.43109e+08
3,244.7,428.3,0,,5.43109e+08
3,241.3,427.6,0,,5.43109e+08
4,236,425.3,0,,5.43109e+08
4,228.1,423.9,0,,5.43109e+08
4,213.6,419.1,0,,5.43109e+08
4,213.5,419.3,0,,5.43109e+08
4,213.7,421.8,0,,5.43109e+08
4,220.8,428.5,0,,5.43109e+08
4,221.1,429.1,0,,5.43109e+08
4,218.7,428.5,0,,5.43109e+08
4,217.6,428.7,0,,5.43109e+08
4,209.2,422.7,0,,5.43109e+08
4,203.1,413.8,0,,5.43109e+08
4,203.1,413.8,0,,5.43109e+08
4,204.6,416.9,0,,5.43109e+08
4,210.6,423.3,0,,5.43109e+08
4,206.6,414.4,0,,5.43109e+08
4,203.6,415.2,0,,5.43109e+08
4,198.8,411.7,0,,5.43109e+08
4,199.9,415.5,0,,5.43109e+08
5,201.3,414.8,0,,5.43109e+08
5,201.3,414.8,0,,5.43109e+08
5,208.2,421.4,0,,5.43109e+08
5,205.8,426.2,0,,5.4311e+08
5,204.4,415.5,0,,5.4311e+08
5,208.2,419.9,0,,5.4311e+08
5,180.2,391.9,0,,5.4311e+08
5,185.3,397.8,0,,5.4311e+08
5,188.2,401.7,0,,5.4311e+08
5,183.1,402.3,0,,5.4311e+08
5,183.1,402.3,0,,5.4311e+08
5,187.7,406,0,,5.4311e+08
5,206.7,421.5,0,,5.4311e+08
5,209,422.4,0,,5.4311e+08
5,209.7,420.9,0,,5.4311e+08
6,210.1,417.2,0,,5.4311e+08
6,210.6,417.4,0,,5.4311e+08
6,210.9,415.5,0,,5.4311e+08
6,224,413.5,0,,5.4311e+08
6,224,413.5,0,,5.4311e+08
6,311.1,426.7,0,,5.4311e+08
6,352.9,418.4,0,,5.4311e+08
6,423.7,416.5,0,,5.4311e+08
6,518.4,421.8,0,,5.4311e+08
6,600,426.4,0,,5.4311e+08
6,735.6,430.8,0,,5.4311e+08
6,722.7,436.8,0,,5.4311e+08
6,727.9,435.3,0,,5.4311e+08
6,728.6,435,0,,5.4311e+08
6,734.2,435.7,0,,5.4311e+08
6,735.1,438.8,0,,5.4311e+08
6,729.6,441.7,0,,5.4311e+08
6,729.3,441.8,0,,5.4311e+08
7,733.2,435.8,0,,5.4311e+08
7,733.6,432.9,0,,5.4311e+08
7,733.6,432.9,0,,5.4311e+08
7,736,425,0,,5.4311e+08
7,736,425,0,,5.4311e+08
7,766.2,445.5,0,,5.4311e+08
7,766.2,445.5,0,,5.4311e+08
7,860.2,434.9,0,,5.4311e+08
7,944.4,443,0,,5.4311e+08
7,951.3,440.5,0,,5.4311e+08
7,959,440.8,0,,5.4311e+08
7,968.5,440.1,0,,5.4311e+08
7,990.9,440.3,0,,5.4311e+08
7,990.9,440.3,0,,5.4311e+08
7,985.2,439.3,0,,5.4311e+08
7,984.9,440.4,0,,5.4311e+08
8,984.9,441.2,0,,5.4311e+08
8,981.4,447.9,0,,5.4311e+08
8,981.4,448.1,0,,5.4311e+08
8,983.2,450.8,0,,5.4311e+08
8,984.5,451.4,0,,5.4311e+08
8,985.3,453.4,0,,5.4311e+08
8,985.3,453.4,0,,5.4311e+08
8,985.3,453.4,0,,5.4311e+08
8,988,469.3,0,,5.4311e+08
8,992.5,479.6,0,,5.4311e+08
8,995.9,482.8,0,,5.4311e+08
8,995.9,482.8,0,,5.4311e+08
8,1000.2,483.2,0,,5.4311e+08
8,1002.5,484.7,0,,5.4311e+08
8,1007.2,488.3,0,,5.43111e+08
9,1006.7,488.3,0,,5.43111e+08
9,997.6,498.6,0,,5.43111e+08
9,997.6,499.4,0,,5.43111e+08
9,996.7,508.7,0,,5.43111e+08
9,996.3,507.7,0,,5.43111e+08
9,999.5,506,0,,5.43111e+08
9,998.1,506.5,0,,5.43111e+08
9,992,505.7,0,,5.43111e+08
9,991,504.3,0,,5.43111e+08
9,991,504.3,0,,5.43111e+08
9,989.9,504,0,,5.43111e+08
9,990.6,504.7,0,,5.43111e+08
9,973.3,513.1,0,,5.43111e+08
9,963.9,517.1,0,,5.43111e+08
10,971,516.6,0,,5.43111e+08
10,973.2,514.7,0,,5.43111e+08
10,981.6,516.7,0,,5.43111e+08
10,982.1,514.1,0,,5.43111e+08
10,982.1,514.1,0,,5.43111e+08
10,986.6,527.9,0,,5.43111e+08
10,984.2,522.5,0,,5.43111e+08
10,983.7,520.4,0,,5.43111e+08
10,986.7,524.7,0,,5.43111e+08
10,986.6,517.6,0,,5.43111e+08
10,993,517.5,0,,5.43111e+08
10,995.4,516.2,0,,5.43111e+08
10,995.5,507.1,0,,5.43111e+08
10,995.5,507.1,0,,5.43111e+08
10,995.7,504.6,0,,5.43111e+08
10,993.7,496.4,0,,5.43111e+08
10,993.3,495.5,0,,5.43111e+08
10,993.6,495.7,0,,5.43111e+08
10,991.6,497.4,0,,5.43111e+08
10,992,496.4,0,,5.43111e+08
10,987.8,500.5,0,,5.43111e+08
10,991,501.7,0,,5.43111e+08
10,991,501.7,0,,5.43111e+08
10,989.3,503,0,,5.43111e+08
10,988,503.6,0,,5.43111e+08
10,989.3,503.1,0,,5.43111e+08
10,990.1,504.9,0,,5.43111e+08
10,990.7,506.7,0,,5.43111e+08
10,995.2,514.4,0,,5.43111e+08
10,994.7,523,0,,5.43111e+08
10,995.5,523.4,0,,5.43111e+08
10,995.5,523.4,0,,5.43111e+08
10,994.8,521.4,0,,5.43111e+08
10,995.6,521.9,0,,5.43111e+08
10,1000.4,521.6,0,,5.43111e+08
10,1003.4,522.3,0,,5.43111e+08
10,1012.4,516.1,0,,5.43111e+08
10,1013.7,514.5,0,,5.43111e+08
10,1038.2,505.4,0,,5.43111e+08
10,1038.1,504.3,0,,5.43111e+08
11,1038.1,504.3,0,,5.43111e+08
11,1039.2,503.6,0,,5.43111e+08
11,1039.2,503.6,0,,5.43111e+08
11,1042.3,502.9,0,,5.43111e+08
11,1048.2,503.4,0,,5.43111e+08
11,1050.3,503.3,0,,5.43112e+08
11,1053,503.6,0,,5.43112e+08
11,1054.9,501.3,0,,5.43112e+08
11,1045.7,503.2,0,,5.43112e+08
11,1045.7,503.2,0,,5.43112e+08
11,1043.2,503.7,0,,5.43112e+08
11,1042.7,504.1,0,,5.43112e+08
11,1040.2,502.5,0,,5.43112e+08
11,1043,493.9,0,,5.43112e+08
11,1041.2,498.6,0,,5.43112e+08
11,1046.4,497.5,0,,5.43112e+08
11,1046.5,502.6,0,,5.43112e+08
11,1045.9,500.1,0,,5.43112e+08
11,1045.9,500.1,0,,5.43112e+08
11,1046.2,510.7,0,,5.43112e+08
11,1044.2,518.5,0,,5.43112e+08
11,1053.5,503.4,0,,5.43112e+08
11,1064.9,497.4,0,,5.43112e+08
11,1072,496.9,0,,5.43112e+08
11,1073.4,496.4,0,,5.43112e+08
11,1075.5,496.3,0,,5.43112e+08
11,1080.5,494.4,0,,5.43112e+08
11,1080.5,494.4,0,,5.43112e+08
11,1083.9,492.1,0,,5.43112e+08
11,1083.1,492.3,0,,5.43112e+08
11,1080.8,496.3,0,,5.43112e+08
11,1078.1,500.1,0,,5.43112e+08
11,1076.6,503.2,0,,5.43112e+08
11,1073.9,511.8,0,,5.43112e+08
11,1075.2,510.4,0,,5.43112e+08
12,1076.1,506.7,0,,5.43112e+08
12,1076.2,505.6,0,,5.43112e+08
12,1076.2,505.6,0,,5.43112e+08
12,1077.1,506.5,0,,5.43112e+08
12,1077.6,505.1,0,,5.43112e+08
12,1077.6,525.8,0,,5.43112e+08
12,1077,528.2,0,,5.43112e+08
12,1078.3,527.4,0,,5.43112e+08
12,1079.2,525.8,0,,5.43112e+08
12,1081.6,516.7,0,,5.43112e+08
12,1081.6,516.7,0,,5.43112e+08
12,1078.4,495.1,0,,5.43112e+08
12,1079,500.6,0,,5.43112e+08
