page,x,y,word,word_index,timestamp
0,1920,0,0,,0
0,752,346.9,0,,5.43704e+08
0,752,346.9,0,,5.43704e+08
0,752,346.9,0,,5.43704e+08
0,752,346.9,0,,5.43704e+08
0,752,346.9,0,,5.43704e+08
0,752,346.9,0,,5.43704e+08
0,752,346.9,0,,5.43704e+08
0,752,346.9,0,,5.43704e+08
0,752,346.9,0,,5.43704e+08
0,752,346.9,0,,5.43704e+08
0,752,346.9,0,,5.43704e+08
0,752,346.9,0,,5.43704e+08
0,752,346.9,0,,5.43704e+08
0,752,346.9,0,,5.43704e+08
0,752,346.9,0,,5.43704e+08
0,752,346.9,0,,5.43704e+08
0,752,346.9,0,,5.43704e+08
0,752,346.9,0,,5.43704e+08
0,752,346.9,0,,5.43704e+08
0,752,346.9,0,,5.43704e+08
0,752,346.9,0,,5.43704e+08
0,752,346.9,0,,5.43704e+08
0,752,346.9,0,,5.43704e+08
0,752,346.9,0,,5.43704e+08
0,752,346.9,0,,5.43704e+08
0,752,346.9,0,,5.43704e+08
0,752,346.9,0,,5.43704e+08
0,752,346.9,0,,5.43704e+08
0,752,346.9,0,,5.43704e+08
0,752,346.9,0,,5.43704e+08
0,752,346.9,0,,5.43704e+08
0,752,346.9,0,,5.43704e+08
0,752,346.9,0,,5.43704e+08
0,752,346.9,0,,5.43704e+08
0,752,346.9,0,,5.43704e+08
0,752,346.9,0,,5.43704e+08
0,752,346.9,0,,5.43704e+08
0,752,346.9,0,,5.43704e+08
0,752,346.9,0,,5.43704e+08
0,752,346.9,0,,5.43704e+08
0,752,346.9,0,,5.43704e+08
0,752,346.9,0,,5.43704e+08
0,752,346.9,0,,5.43704e+08
0,752,346.9,0,,5.43704e+08
0,752,346.9,0,,5.43704e+08
0,752,346.9,0,,5.43704e+08
0,752,346.9,0,,5.43704e+08
0,752,346.9,0,,5.43704e+08
0,752,346.9,0,,5.43704e+08
0,752,346.9,0,,5.43704e+08
0,752,346.9,0,,5.43704e+08
0,752,346.9,0,,5.43704e+08
0,752,346.9,0,,5.43704e+08
0,752,346.9,0,,5.43704e+08
0,752,346.9,0,,5.43704e+08
0,752,346.9,0,,5.43704e+08
0,752,346.9,0,,5.43704e+08
0,752,346.9,0,,5.43704e+08
0,752,346.9,0,,5.43704e+08
0,752,346.9,0,,5.43704e+08
0,752,346.9,0,,5.43704e+08
0,752,346.9,0,,5.43704e+08
0,752,346.9,0,,5.43704e+08
0,752,346.9,0,,5.43704e+08
0,752,346.9,0,,5.43704e+08
0,1188.9,748.8,0,,5.43705e+08
0,1188.9,748.8,0,,5.43705e+08
0,1188.9,748.8,0,,5.43705e+08
0,1188.9,748.8,0,,5.43705e+08
0,1188.9,748.8,0,,5.43705e+08
0,1188.9,748.8,0,,5.43705e+08
0,1188.9,748.8,0,,5.43705e+08
0,1188.9,748.8,0,,5.43705e+08
0,1188.9,748.8,0,,5.43705e+08
0,1188.9,748.8,0,,5.43705e+08
0,1188.9,748.8,0,,5.43705e+08
0,1188.9,748.8,0,,5.43705e+08
0,1188.9,748.8,0,,5.43705e+08
0,1188.9,748.8,0,,5.43705e+08
0,1188.9,748.8,0,,5.43705e+08
0,1188.9,748.8,0,,5.43705e+08
0,1188.9,748.8,0,,5.43705e+08
0,1188.9,748.8,0,,5.43705e+08
0,1188.9,748.8,0,,5.43705e+08
0,1188.9,748.8,0,,5.43705e+08
0,1188.9,748.8,0,,5.43705e+08
0,1188.9,748.8,0,,5.43705e+08
0,1188.9,748.8,0,,5.43705e+08
0,1188.9,748.8,0,,5.43705e+08
0,1188.9,748.8,0,,5.43705e+08
0,1188.9,748.8,0,,5.43705e+08
0,1188.9,748.8,0,,5.43705e+08
0,1188.9,748.8,0,,5.43705e+08
0,1188.9,748.8,0,,5.43705e+08
0,1188.9,748.8,0,,5.43705e+08
0,1188.9,748.8,0,,5.43705e+08
0,1188.9,748.8,0,,5.43705e+08
0,1188.9,748.8,0,,5.43705e+08
0,1188.9,748.8,0,,5.43705e+08
0,1188.9,748.8,0,,5.43705e+08
0,1188.9,748.8,0,,5.43705e+08
0,1188.9,748.8,0,,5.43705e+08
0,1188.9,748.8,0,,5.43705e+08
0,1188.9,748.8,0,,5.43705e+08
0,1188.9,748.8,0,,5.43705e+08
0,1188.9,748.8,0,,5.43705e+08
0,1188.9,748.8,0,,5.43705e+08
0,1188.9,748.8,0,,5.43705e+08
0,1188.9,748.8,0,,5.43705e+08
0,1188.9,748.8,0,,5.43705e+08
0,1188.9,748.8,0,,5.43705e+08
0,1188.9,748.8,0,,5.43705e+08
0,1188.9,748.8,0,,5.43705e+08
0,1188.9,748.8,0,,5.43705e+08
0,1188.9,748.8,0,,5.43705e+08
0,1188.9,748.8,0,,5.43705e+08
0,1188.9,748.8,0,,5.43705e+08
0,1188.9,748.8,0,,5.43705e+08
0,1188.9,748.8,0,,5.43705e+08
0,1188.9,748.8,0,,5.43705e+08
0,1188.9,748.8,0,,5.43705e+08
0,1188.9,748.8,0,,5.43705e+08
0,1188.9,748.8,0,,5.43705e+08
0,1188.9,748.8,0,,5.43705e+08
0,1188.9,748.8,0,,5.43705e+08
0,1188.9,748.8,0,,5.43705e+08
0,1188.9,748.8,0,,5.43705e+08
0,1188.9,748.8,0,,5.43705e+08
0,1188.9,748.8,0,,5.43705e+08
0,1188.9,748.8,0,,5.43705e+08
0,1188.9,748.8,0,,5.43705e+08
0,1188.9,748.8,0,,5.43705e+08
0,1188.9,748.8,0,,5.43705e+08
0,1188.9,748.8,0,,5.43705e+08
0,1188.9,748.8,0,,5.43705e+08
0,1188.9,748.8,0,,5.43705e+08
0,1188.9,748.8,0,,5.43705e+08
0,1188.9,748.8,0,,5.43705e+08
0,1188.9,748.8,0,,5.43705e+08
0,1188.9,748.8,0,,5.43705e+08
0,1188.9,748.8,0,,5.43705e+08
0,1188.9,748.8,0,,5.43705e+08
0,1188.9,748.8,0,,5.43705e+08
0,1188.9,748.8,0,,5.43705e+08
0,1188.9,748.8,0,,5.43705e+08
0,1188.9,748.8,0,,5.43705e+08
0,1188.9,748.8,0,,5.43705e+08
0,1188.9,748.8,0,,5.43705e+08
0,1188.9,748.8,0,,5.43705e+08
0,1188.9,748.8,0,,5.43705e+08
0,1188.9,748.8,0,,5.43705e+08
0,1188.9,748.8,0,,5.43705e+08
0,1188.9,748.8,0,,5.43705e+08
0,1188.9,748.8,0,,5.43705e+08
0,1188.9,748.8,0,,5.43705e+08
0,1188.9,748.8,0,,5.43705e+08
0,1188.9,748.8,0,,5.43705e+08
0,1188.9,748.8,0,,5.43705e+08
0,1188.9,748.8,0,,5.43705e+08
0,1188.9,748.8,0,,5.43705e+08
0,1188.9,748.8,0,,5.43705e+08
0,1188.9,748.8,0,,5.43705e+08
0,1188.9,748.8,0,,5.43705e+08
0,1188.9,748.8,0,,5.43705e+08
0,1188.9,748.8,0,,5.43705e+08
0,1188.9,748.8,0,,5.43705e+08
0,1188.9,748.8,0,,5.43705e+08
0,1188.9,748.8,0,,5.43705e+08
0,1188.9,748.8,0,,5.43705e+08
0,1188.9,748.8,0,,5.43705e+08
0,1188.9,748.8,0,,5.43705e+08
0,1188.9,748.8,0,,5.43705e+08
0,1188.9,748.8,0,,5.43705e+08
0,1188.9,748.8,0,,5.43705e+08
0,1188.9,748.8,0,,5.43705e+08
0,1188.9,748.8,0,,5.43705e+08
0,1188.9,748.8,0,,5.43705e+08
0,1188.9,748.8,0,,5.43705e+08
0,1188.9,748.8,0,,5.43705e+08
0,1188.9,748.8,0,,5.43705e+08
0,1188.9,748.8,0,,5.43705e+08
0,1188.9,748.8,0,,5.43705e+08
0,1188.9,748.8,0,,5.43705e+08
0,1188.9,748.8,0,,5.43705e+08
0,1188.9,748.8,0,,5.43705e+08
0,1188.9,748.8,0,,5.43705e+08
0,1188.9,748.8,0,,5.43705e+08
0,1188.9,748.8,0,,5.43705e+08
0,1188.9,748.8,0,,5.43705e+08
0,1188.9,748.8,0,,5.43705e+08
0,1188.9,748.8,0,,5.43705e+08
0,1188.9,748.8,0,,5.43705e+08
0,1188.9,748.8,0,,5.43705e+08
0,1188.9,748.8,0,,5.43705e+08
0,1188.9,748.8,0,,5.43705e+08
0,1188.9,748.8,0,,5.43705e+08
0,1188.9,748.8,0,,5.43705e+08
0,1188.9,748.8,0,,5.43705e+08
0,1188.9,748.8,0,,5.43705e+08
0,1188.9,748.8,0,,5.43705e+08
0,1188.9,748.8,0,,5.43705e+08
0,1188.9,748.8,0,,5.43705e+08
0,1188.9,748.8,0,,5.43705e+08
0,1188.9,748.8,0,,5.43705e+08
0,1188.9,748.8,0,,5.43705e+08
0,1188.9,748.8,0,,5.43705e+08
0,1188.9,748.8,0,,5.43705e+08
0,1188.9,748.8,0,,5.43705e+08
0,1188.9,748.8,0,,5.43705e+08
0,1188.9,748.8,0,,5.43705e+08
0,1188.9,748.8,0,,5.43705e+08
0,1188.9,748.8,0,,5.43705e+08
0,1188.9,748.8,0,,5.43705e+08
0,1188.9,748.8,0,,5.43705e+08
0,1188.9,748.8,0,,5.43705e+08
0,1188.9,748.8,0,,5.43705e+08
0,1188.9,748.8,0,,5.43705e+08
0,1188.9,748.8,0,,5.43705e+08
0,1188.9,748.8,0,,5.43705e+08
0,1188.9,748.8,0,,5.43705e+08
0,1188.9,748.8,0,,5.43705e+08
0,1188.9,748.8,0,,5.43705e+08
0,1188.9,748.8,0,,5.43705e+08
0,1188.9,748.8,0,,5.43705e+08
0,1188.9,748.8,0,,5.43705e+08
0,1188.9,748.8,0,,5.43705e+08
0,1188.9,748.8,0,,5.43705e+08
0,1188.9,748.8,0,,5.43705e+08
0,1188.9,748.8,0,,5.43705e+08
0,1188.9,748.8,0,,5.43705e+08
0,1188.9,748.8,0,,5.43705e+08
0,1188.9,748.8,0,,5.43705e+08
0,1188.9,748.8,0,,5.43705e+08
0,1188.9,748.8,0,,5.43705e+08
0,1188.9,748.8,0,,5.43705e+08
0,1188.9,748.8,0,,5.43705e+08
0,1188.9,748.8,0,,5.43705e+08
0,1188.9,748.8,0,,5.43705e+08
0,1188.9,748.8,0,,5.43705e+08
0,1188.9,748.8,0,,5.43705e+08
0,1188.9,748.8,0,,5.43705e+08
0,1188.9,748.8,0,,5.43705e+08
0,1188.9,748.8,0,,5.43705e+08
0,1188.9,748.8,0,,5.43705e+08
0,1188.9,748.8,0,,5.43705e+08
0,1188.9,748.8,0,,5.43705e+08
0,1188.9,748.8,0,,5.43705e+08
0,1188.9,748.8,0,,5.43705e+08
0,1188.9,748.8,0,,5.43705e+08
0,1188.9,748.8,0,,5.43705e+08
0,1188.9,748.8,0,,5.43705e+08
0,1188.9,748.8,0,,5.43705e+08
0,1188.9,748.8,0,,5.43705e+08
0,1188.9,748.8,0,,5.43705e+08
0,1188.9,748.8,0,,5.43705e+08
0,1188.9,748.8,0,,5.43705e+08
0,1188.9,748.8,0,,5.43705e+08
0,1188.9,748.8,0,,5.43705e+08
0,1188.9,748.8,0,,5.43705e+08
0,1188.9,748.8,0,,5.43705e+08
0,1188.9,748.8,0,,5.43705e+08
0,1188.9,748.8,0,,5.43705e+08
0,1188.9,748.8,0,,5.43705e+08
0,1188.9,748.8,0,,5.43705e+08
0,1188.9,748.8,0,,5.43705e+08
0,1188.9,748.8,0,,5.43705e+08
0,1188.9,748.8,0,,5.43705e+08
0,1188.9,748.8,0,,5.43705e+08
0,1188.9,748.8,0,,5.43705e+08
0,1188.9,748.8,0,,5.43705e+08
0,1188.9,748.8,0,,5.43705e+08
0,1188.9,748.8,0,,5.43705e+08
0,1188.9,748.8,0,,5.43705e+08
0,1188.9,748.8,0,,5.43705e+08
0,1188.9,748.8,0,,5.43705e+08
0,1188.9,748.8,0,,5.43705e+08
0,1188.9,748.8,0,,5.43705e+08
0,1188.9,748.8,0,,5.43705e+08
0,1188.9,748.8,0,,5.43705e+08
0,1188.9,748.8,0,,5.43705e+08
0,1188.9,748.8,0,,5.43705e+08
0,1188.9,748.8,0,,5.43705e+08
0,1188.9,748.8,0,,5.43705e+08
0,1188.9,748.8,0,,5.43705e+08
0,1188.9,748.8,0,,5.43705e+08
0,1188.9,748.8,0,,5.43705e+08
0,1188.9,748.8,0,,5.43705e+08
0,1188.9,748.8,0,,5.43705e+08
0,1188.9,748.8,0,,5.43705e+08
0,1188.9,748.8,0,,5.43705e+08
0,1188.9,748.8,0,,5.43705e+08
0,1188.9,748.8,0,,5.43705e+08
0,1188.9,748.8,0,,5.43705e+08
0,1188.9,748.8,0,,5.43705e+08
0,1188.9,748.8,0,,5.43705e+08
0,1188.9,748.8,0,,5.43705e+08
0,1188.9,748.8,0,,5.43705e+08
0,1188.9,748.8,0,,5.43705e+08
0,1188.9,748.8,0,,5.43705e+08
0,1188.9,748.8,0,,5.43705e+08
0,1188.9,748.8,0,,5.43705e+08
1,1188.9,748.8,0,,5.43705e+08
1,1188.9,748.8,0,,5.43705e+08
1,1188.9,748.8,0,,5.43705e+08
1,1188.9,748.8,0,,5.43705e+08
1,1188.9,748.8,0,,5.43705e+08
1,1188.9,748.8,0,,5.43705e+08
1,1188.9,748.8,0,,5.43705e+08
1,1188.9,748.8,0,,5.43705e+08
1,1188.9,748.8,0,,5.43705e+08
1,1188.9,748.8,0,,5.43705e+08
1,1188.9,748.8,0,,5.43705e+08
1,1188.9,748.8,0,,5.43705e+08
1,1188.9,748.8,0,,5.43705e+08
1,1188.9,748.8,0,,5.43705e+08
1,1188.9,748.8,0,,5.43705e+08
1,1188.9,748.8,0,,5.43705e+08
1,1188.9,748.8,0,,5.43705e+08
1,1188.9,748.8,0,,5.43705e+08
1,1188.9,748.8,0,,5.43705e+08
1,1188.9,748.8,0,,5.43705e+08
1,1188.9,748.8,0,,5.43705e+08
1,1188.9,748.8,0,,5.43705e+08
1,1188.9,748.8,0,,5.43705e+08
1,1188.9,748.8,0,,5.43705e+08
1,1188.9,748.8,0,,5.43705e+08
1,1188.9,748.8,0,,5.43705e+08
1,1188.9,748.8,0,,5.43705e+08
1,1188.9,748.8,0,,5.43705e+08
1,1188.9,748.8,0,,5.43705e+08
1,1188.9,748.8,0,,5.43705e+08
1,1188.9,748.8,0,,5.43705e+08
1,1188.9,748.8,0,,5.43705e+08
1,1188.9,748.8,0,,5.43705e+08
1,1188.9,748.8,0,,5.43705e+08
1,1188.9,748.8,0,,5.43705e+08
1,1188.9,748.8,0,,5.43705e+08
1,1188.9,748.8,0,,5.43705e+08
1,1188.9,748.8,0,,5.43705e+08
1,1188.9,748.8,0,,5.43705e+08
1,1188.9,748.8,0,,5.43705e+08
1,1188.9,748.8,0,,5.43705e+08
1,1188.9,748.8,0,,5.43705e+08
1,1188.9,748.8,0,,5.43705e+08
1,1188.9,748.8,0,,5.43705e+08
1,1188.9,748.8,0,,5.43705e+08
1,1188.9,748.8,0,,5.43705e+08
1,1188.9,748.8,0,,5.43705e+08
1,1188.9,748.8,0,,5.43705e+08
1,1188.9,748.8,0,,5.43705e+08
1,1188.9,748.8,0,,5.43705e+08
1,1188.9,748.8,0,,5.43705e+08
1,1188.9,748.8,0,,5.43705e+08
1,1188.9,748.8,0,,5.43705e+08
1,1188.9,748.8,0,,5.43705e+08
1,1188.9,748.8,0,,5.43705e+08
1,1188.9,748.8,0,,5.43705e+08
1,1188.9,748.8,0,,5.43705e+08
1,1188.9,748.8,0,,5.43705e+08
1,1188.9,748.8,0,,5.43705e+08
1,1188.9,748.8,0,,5.43705e+08
1,1188.9,748.8,0,,5.43705e+08
1,1188.9,748.8,0,,5.43705e+08
1,1188.9,748.8,0,,5.43705e+08
1,1188.9,748.8,0,,5.43705e+08
1,1188.9,748.8,0,,5.43705e+08
1,1188.9,748.8,0,,5.43705e+08
0,1188.9,748.8,0,,5.43705e+08
0,1188.9,748.8,0,,5.43705e+08
0,1188.9,748.8,0,,5.43705e+08
0,1495.4,949.1,0,,5.4371e+08
0,1495.4,949.1,0,,5.4371e+08
0,1495.4,949.1,0,,5.4371e+08
0,1495.4,949.1,0,,5.4371e+08
0,1495.4,949.1,0,,5.4371e+08
0,1495.4,949.1,0,,5.4371e+08
0,1495.4,949.1,0,,5.4371e+08
0,1495.4,949.1,0,,5.4371e+08
0,1495.4,949.1,0,,5.4371e+08
0,1495.4,949.1,0,,5.4371e+08
0,1495.4,949.1,0,,5.4371e+08
0,1495.4,949.1,0,,5.4371e+08
0,1495.4,949.1,0,,5.4371e+08
0,1495.4,949.1,0,,5.4371e+08
0,1495.4,949.1,0,,5.4371e+08
0,1495.4,949.1,0,,5.4371e+08
0,1495.4,949.1,0,,5.4371e+08
0,1495.4,949.1,0,,5.4371e+08
0,370.9,326.1,0,,5.43711e+08
0,370.9,326.1,0,,5.43711e+08
0,370.9,326.1,0,,5.43711e+08
0,370.9,326.1,0,,5.43711e+08
0,370.9,326.1,0,,5.43711e+08
0,365.4,276.9,0,,5.43711e+08
0,365.4,276.9,0,,5.43711e+08
0,365.4,276.9,0,,5.43711e+08
0,365.4,276.9,0,,5.43711e+08
0,365.4,276.9,0,,5.43711e+08
0,365.4,276.9,0,,5.43711e+08
0,722.3,348.8,0,,5.43711e+08
0,722.3,348.8,0,,5.43711e+08
0,722.3,348.8,0,,5.43711e+08
0,722.3,348.8,0,,5.43711e+08
0,722.3,348.8,0,,5.43711e+08
0,722.3,348.8,0,,5.43711e+08
0,722.3,348.8,0,,5.43711e+08
0,722.3,348.8,0,,5.43711e+08
0,722.3,348.8,0,,5.43711e+08
0,722.3,348.8,0,,5.43711e+08
0,722.3,348.8,0,,5.43711e+08
0,722.3,348.8,0,,5.43711e+08
0,1115.5,367.7,0,,5.43711e+08
0,1115.5,367.7,0,,5.43711e+08
0,1115.5,367.7,0,,5.43711e+08
0,1115.5,367.7,0,,5.43711e+08
0,1115.5,367.7,0,,5.43711e+08
0,1115.5,367.7,0,,5.43711e+08
0,1115.5,367.7,0,,5.43711e+08
0,1115.5,367.7,0,,5.43711e+08
0,1115.5,367.7,0,,5.43711e+08
0,1115.5,367.7,0,,5.43711e+08
0,1115.5,367.7,0,,5.43711e+08
0,1115.5,367.7,0,,5.43711e+08
0,1115.5,367.7,0,,5.43711e+08
0,1115.5,367.7,0,,5.43711e+08
0,1115.5,367.7,0,,5.43711e+08
0,1115.5,367.7,0,,5.43711e+08
0,1115.5,367.7,0,,5.43711e+08
0,1115.5,367.7,0,,5.43711e+08
0,1115.5,367.7,0,,5.43711e+08
0,1115.5,367.7,0,,5.43711e+08
0,1115.5,367.7,0,,5.43711e+08
0,1115.5,367.7,0,,5.43711e+08
0,1115.5,367.7,0,,5.43711e+08
0,1115.5,367.7,0,,5.43711e+08
0,1115.5,367.7,0,,5.43711e+08
0,1115.5,367.7,0,,5.43711e+08
0,1115.5,367.7,0,,5.43711e+08
0,1115.5,367.7,0,,5.43711e+08
0,1115.5,367.7,0,,5.43711e+08
0,1115.5,367.7,0,,5.43711e+08
0,1115.5,367.7,0,,5.43711e+08
0,1115.5,367.7,0,,5.43711e+08
0,1115.5,367.7,0,,5.43711e+08
0,1115.5,367.7,0,,5.43711e+08
0,1115.5,367.7,0,,5.43711e+08
0,1115.5,367.7,0,,5.43711e+08
0,1115.5,367.7,0,,5.43711e+08
0,1115.5,367.7,0,,5.43711e+08
0,1115.5,367.7,0,,5.43711e+08
0,1115.5,367.7,0,,5.43711e+08
0,1115.5,367.7,0,,5.43711e+08
0,1115.5,367.7,0,,5.43711e+08
0,1115.5,367.7,0,,5.43711e+08
0,1115.5,367.7,0,,5.43711e+08
0,1115.5,367.7,0,,5.43711e+08
0,1115.5,367.7,0,,5.43711e+08
0,1115.5,367.7,0,,5.43711e+08
0,1115.5,367.7,0,,5.43711e+08
0,1115.5,367.7,0,,5.43711e+08
0,1115.5,367.7,0,,5.43711e+08
0,1115.5,367.7,0,,5.43711e+08
0,1115.5,367.7,0,,5.43711e+08
0,1115.5,367.7,0,,5.43711e+08
0,1115.5,367.7,0,,5.43711e+08
0,1115.5,367.7,0,,5.43711e+08
0,1115.5,367.7,0,,5.43711e+08
0,1115.5,367.7,0,,5.43711e+08
0,1115.5,367.7,0,,5.43711e+08
0,1115.5,367.7,0,,5.43711e+08
0,1115.5,367.7,0,,5.43711e+08
0,1115.5,367.7,0,,5.43711e+08
0,1115.5,367.7,0,,5.43711e+08
0,1115.5,367.7,0,,5.43711e+08
1,1115.5,367.7,0,,5.43711e+08
1,1115.5,367.7,0,,5.43711e+08
1,1115.5,367.7,0,,5.43711e+08
1,1115.5,367.7,0,,5.43711e+08
1,1115.5,367.7,0,,5.43711e+08
1,1115.5,367.7,0,,5.43711e+08
1,1115.5,367.7,0,,5.43711e+08
1,1115.5,367.7,0,,5.43711e+08
1,1115.5,367.7,0,,5.43711e+08
1,1115.5,367.7,0,,5.43711e+08
1,1115.5,367.7,0,,5.43711e+08
1,1115.5,367.7,0,,5.43711e+08
1,1115.5,367.7,0,,5.43711e+08
1,1115.5,367.7,0,,5.43711e+08
1,1115.5,367.7,0,,5.43711e+08
1,1115.5,367.7,0,,5.43711e+08
1,1115.5,367.7,0,,5.43711e+08
1,1115.5,367.7,0,,5.43711e+08
1,1115.5,367.7,0,,5.43711e+08
1,1115.5,367.7,0,,5.43711e+08
1,1115.5,367.7,0,,5.43711e+08
0,1115.5,367.7,0,,5.43711e+08
0,1115.5,367.7,0,,5.43711e+08
0,1115.5,367.7,0,,5.43711e+08
0,1115.5,367.7,0,,5.43711e+08
0,1115.5,367.7,0,,5.43711e+08
0,1115.5,367.7,0,,5.43711e+08
0,1115.5,367.7,0,,5.43711e+08
0,1115.5,367.7,0,,5.43711e+08
0,1115.5,367.7,0,,5.43711e+08
0,1115.5,367.7,0,,5.43711e+08
0,1115.5,367.7,0,,5.43711e+08
0,1115.5,367.7,0,,5.43711e+08
0,1115.5,367.7,0,,5.43711e+08
0,1115.5,367.7,0,,5.43711e+08
0,1115.5,367.7,0,,5.43711e+08
0,1115.5,367.7,0,,5.43711e+08
0,1115.5,367.7,0,,5.43711e+08
0,1115.5,367.7,0,,5.43711e+08
0,1115.5,367.7,0,,5.43711e+08
0,1115.5,367.7,0,,5.43711e+08
0,1115.5,367.7,0,,5.43711e+08
0,1115.5,367.7,0,,5.43711e+08
0,1115.5,367.7,0,,5.43711e+08
0,1115.5,367.7,0,,5.43711e+08
0,1115.5,367.7,0,,5.43711e+08
0,1115.5,367.7,0,,5.43711e+08
0,1115.5,367.7,0,,5.43711e+08
0,1115.5,367.7,0,,5.43711e+08
0,1115.5,367.7,0,,5.43711e+08
0,1115.5,367.7,0,,5.43711e+08
0,1115.5,367.7,0,,5.43711e+08
0,1115.5,367.7,0,,5.43711e+08
0,1115.5,367.7,0,,5.43711e+08
0,1115.5,367.7,0,,5.43711e+08
0,1115.5,367.7,0,,5.43711e+08
0,1115.5,367.7,0,,5.43711e+08
0,1115.5,367.7,0,,5.43711e+08
0,1115.5,367.7,0,,5.43711e+08
0,1115.5,367.7,0,,5.43711e+08
0,1115.5,367.7,0,,5.43711e+08
0,1115.5,367.7,0,,5.43711e+08
0,1527.1,902.3,0,,5.43713e+08
0,1527.1,902.3,0,,5.43713e+08
0,1527.1,902.3,0,,5.43713e+08
0,1527.1,902.3,0,,5.43713e+08
0,1527.1,902.3,0,,5.43713e+08
0,1527.1,902.3,0,,5.43713e+08
0,1527.1,902.3,0,,5.43713e+08
0,1527.1,902.3,0,,5.43713e+08
0,1527.1,902.3,0,,5.43713e+08
0,1527.1,902.3,0,,5.43713e+08
0,1527.1,902.3,0,,5.43713e+08
0,1527.1,902.3,0,,5.43713e+08
0,1527.1,902.3,0,,5.43713e+08
0,1527.1,902.3,0,,5.43713e+08
0,1527.1,902.3,0,,5.43713e+08
0,1527.1,902.3,0,,5.43713e+08
0,1527.1,902.3,0,,5.43713e+08
0,1527.1,902.3,0,,5.43713e+08
0,1527.1,902.3,0,,5.43713e+08
0,1527.1,902.3,0,,5.43713e+08
0,1527.1,902.3,0,,5.43713e+08
0,1527.1,902.3,0,,5.43713e+08
0,1527.1,902.3,0,,5.43713e+08
0,1527.1,902.3,0,,5.43713e+08
0,1527.1,902.3,0,,5.43713e+08
0,1527.1,902.3,0,,5.43713e+08
0,1527.1,902.3,0,,5.43713e+08
0,1527.1,902.3,0,,5.43713e+08
0,1527.1,902.3,0,,5.43713e+08
0,1527.1,902.3,0,,5.43713e+08
0,1527.1,902.3,0,,5.43713e+08
0,1527.1,902.3,0,,5.43713e+08
0,1527.1,902.3,0,,5.43713e+08
0,1527.1,902.3,0,,5.43713e+08
0,1527.1,902.3,0,,5.43713e+08
0,1527.1,902.3,0,,5.43713e+08
0,1527.1,902.3,0,,5.43713e+08
0,1527.1,902.3,0,,5.43713e+08
0,1527.1,902.3,0,,5.43713e+08
0,1527.1,902.3,0,,5.43713e+08
0,1527.1,902.3,0,,5.43713e+08
0,1527.1,902.3,0,,5.43713e+08
0,1527.1,902.3,0,,5.43713e+08
0,1527.1,902.3,0,,5.43713e+08
0,1527.1,902.3,0,,5.43713e+08
0,1527.1,902.3,0,,5.43713e+08
0,1527.1,902.3,0,,5.43713e+08
0,1527.1,902.3,0,,5.43713e+08
0,1527.1,902.3,0,,5.43713e+08
0,1527.1,902.3,0,,5.43713e+08
0,1527.1,902.3,0,,5.43713e+08
0,1527.1,902.3,0,,5.43713e+08
0,1527.1,902.3,0,,5.43713e+08
0,1527.1,902.3,0,,5.43713e+08
0,1527.1,902.3,0,,5.43713e+08
0,1128.4,376,0,,5.43714e+08
0,1128.4,376,0,,5.43714e+08
0,1128.4,376,0,,5.43714e+08
0,1128.4,376,0,,5.43714e+08
0,1128.4,376,0,,5.43714e+08
0,1128.4,376,0,,5.43714e+08
0,1128.4,376,0,,5.43714e+08
0,1472.7,956.2,0,,5.43714e+08
0,1472.7,956.2,0,,5.43714e+08
0,1472.7,956.2,0,,5.43714e+08
0,1472.7,956.2,0,,5.43714e+08
0,1472.7,956.2,0,,5.43714e+08
0,1472.7,956.2,0,,5.43714e+08
0,1472.7,956.2,0,,5.43714e+08
0,1472.7,956.2,0,,5.43714e+08
0,1472.7,956.2,0,,5.43714e+08
0,1472.7,956.2,0,,5.43714e+08
0,1472.7,956.2,0,,5.43714e+08
0,1472.7,956.2,0,,5.43714e+08
0,1472.7,956.2,0,,5.43714e+08
0,1472.7,956.2,0,,5.43714e+08
0,1472.7,956.2,0,,5.43714e+08
0,1472.7,956.2,0,,5.43714e+08
0,1472.7,956.2,0,,5.43714e+08
0,1472.7,956.2,0,,5.43714e+08
0,1472.7,956.2,0,,5.43714e+08
0,1472.7,956.2,0,,5.43714e+08
0,1472.7,956.2,0,,5.43714e+08
0,1472.7,956.2,0,,5.43714e+08
0,1472.7,956.2,0,,5.43714e+08
0,1472.7,956.2,0,,5.43714e+08
0,1472.7,956.2,0,,5.43714e+08
0,1472.7,956.2,0,,5.43714e+08
0,1472.7,956.2,0,,5.43714e+08
0,1472.7,956.2,0,,5.43714e+08
0,1472.7,956.2,0,,5.43714e+08
0,1472.7,956.2,0,,5.43714e+08
0,1472.7,956.2,0,,5.43714e+08
0,1472.7,956.2,0,,5.43714e+08
0,1472.7,956.2,0,,5.43714e+08
0,1472.7,956.2,0,,5.43714e+08
0,1472.7,956.2,0,,5.43714e+08
0,1472.7,956.2,0,,5.43714e+08
0,1472.7,956.2,0,,5.43714e+08
0,1472.7,956.2,0,,5.43714e+08
0,1472.7,956.2,0,,5.43714e+08
0,1472.7,956.2,0,,5.43714e+08
0,1472.7,956.2,0,,5.43714e+08
0,1472.7,956.2,0,,5.43714e+08
0,1472.7,956.2,0,,5.43714e+08
0,1472.7,956.2,0,,5.43714e+08
0,1472.7,956.2,0,,5.43714e+08
0,1472.7,956.2,0,,5.43714e+08
0,670.2,378.6,0,,5.43715e+08
0,670.2,378.6,0,,5.43715e+08
0,670.2,378.6,0,,5.43715e+08
0,670.2,378.6,0,,5.43715e+08
0,670.2,378.6,0,,5.43715e+08
0,670.2,378.6,0,,5.43715e+08
0,670.2,378.6,0,,5.43715e+08
0,670.2,378.6,0,,5.43715e+08
0,670.2,378.6,0,,5.43715e+08
0,670.2,378.6,0,,5.43715e+08
0,670.2,378.6,0,,5.43715e+08
0,670.2,378.6,0,,5.43715e+08
0,670.2,378.6,0,,5.43715e+08
0,670.2,378.6,0,,5.43715e+08
0,670.2,378.6,0,,5.43715e+08
0,670.2,378.6,0,,5.43715e+08
0,670.2,378.6,0,,5.43715e+08
0,670.2,378.6,0,,5.43715e+08
0,670.2,378.6,0,,5.43715e+08
0,670.2,378.6,0,,5.43715e+08
0,670.2,378.6,0,,5.43715e+08
0,670.2,378.6,0,,5.43715e+08
0,670.2,378.6,0,,5.43715e+08
0,670.2,378.6,0,,5.43715e+08
0,670.2,378.6,0,,5.43715e+08
0,670.2,378.6,0,,5.43715e+08
0,670.2,378.6,0,,5.43715e+08
0,670.2,378.6,0,,5.43715e+08
0,670.2,378.6,0,,5.43715e+08
0,670.2,378.6,0,,5.43715e+08
0,670.2,378.6,0,,5.43715e+08
0,670.2,378.6,0,,5.43715e+08
0,670.2,378.6,0,,5.43715e+08
0,670.2,378.6,0,,5.43715e+08
0,670.2,378.6,0,,5.43715e+08
0,670.2,378.6,0,,5.43715e+08
0,670.2,378.6,0,,5.43715e+08
0,670.2,378.6,0,,5.43715e+08
0,821.4,500.7,0,,5.43716e+08
0,821.4,500.7,0,,5.43716e+08
0,821.4,500.7,0,,5.43716e+08
0,746.1,333.8,0,,5.43716e+08
0,746.1,333.8,0,,5.43716e+08
0,746.1,333.8,0,,5.43716e+08
0,746.1,333.8,0,,5.43716e+08
0,746.1,333.8,0,,5.43716e+08
0,746.1,333.8,0,,5.43716e+08
0,746.1,333.8,0,,5.43716e+08
0,746.1,333.8,0,,5.43716e+08
0,801.8,322.5,0,,5.43716e+08
0,801.8,322.5,0,,5.43716e+08
0,801.8,322.5,0,,5.43716e+08
0,801.8,322.5,0,,5.43716e+08
0,807.4,330.4,0,,5.43716e+08
0,807.4,330.4,0,,5.43716e+08
0,807.4,330.4,0,,5.43716e+08
0,807.4,330.4,0,,5.43716e+08
0,807.4,330.4,0,,5.43716e+08
0,807.4,330.4,0,,5.43716e+08
0,807.4,330.4,0,,5.43716e+08
0,807.4,330.4,0,,5.43716e+08
0,807.4,330.4,0,,5.43716e+08
0,807.4,330.4,0,,5.43716e+08
0,807.4,330.4,0,,5.43716e+08
0,807.4,330.4,0,,5.43716e+08
0,807.4,330.4,0,,5.43716e+08
0,807.4,330.4,0,,5.43716e+08
0,807.4,330.4,0,,5.43716e+08
0,807.4,330.4,0,,5.43716e+08
0,807.4,330.4,0,,5.43716e+08
0,807.4,330.4,0,,5.43716e+08
0,807.4,330.4,0,,5.43716e+08
0,807.4,330.4,0,,5.43716e+08
0,807.4,330.4,0,,5.43716e+08
0,807.4,330.4,0,,5.43716e+08
0,807.4,330.4,0,,5.43716e+08
0,807.4,330.4,0,,5.43716e+08
0,807.4,330.4,0,,5.43716e+08
0,807.4,330.4,0,,5.43716e+08
0,807.4,330.4,0,,5.43716e+08
0,807.4,330.4,0,,5.43716e+08
0,807.4,330.4,0,,5.43716e+08
0,807.4,330.4,0,,5.43716e+08
0,807.4,330.4,0,,5.43716e+08
0,807.4,330.4,0,,5.43716e+08
0,807.4,330.4,0,,5.43716e+08
0,807.4,330.4,0,,5.43716e+08
0,807.4,330.4,0,,5.43716e+08
0,807.4,330.4,0,,5.43716e+08
0,807.4,330.4,0,,5.43716e+08
0,807.4,330.4,0,,5.43716e+08
0,807.4,330.4,0,,5.43716e+08
0,807.4,330.4,0,,5.43716e+08
0,807.4,330.4,0,,5.43716e+08
0,807.4,330.4,0,,5.43716e+08
0,807.4,330.4,0,,5.43716e+08
0,807.4,330.4,0,,5.43716e+08
0,807.4,330.4,0,,5.43716e+08
0,807.4,330.4,0,,5.43716e+08
0,807.4,330.4,0,,5.43716e+08
0,807.4,330.4,0,,5.43716e+08
0,807.4,330.4,0,,5.43716e+08
0,807.4,330.4,0,,5.43716e+08
0,807.4,330.4,0,,5.43716e+08
0,807.4,330.4,0,,5.43716e+08
0,807.4,330.4,0,,5.43716e+08
0,807.4,330.4,0,,5.43716e+08
0,807.4,330.4,0,,5.43716e+08
0,807.4,330.4,0,,5.43716e+08
0,807.4,330.4,0,,5.43716e+08
0,807.4,330.4,0,,5.43716e+08
0,807.4,330.4,0,,5.43716e+08
0,807.4,330.4,0,,5.43716e+08
0,807.4,330.4,0,,5.43716e+08
0,807.4,330.4,0,,5.43716e+08
0,807.4,330.4,0,,5.43716e+08
0,807.4,330.4,0,,5.43716e+08
0,807.4,330.4,0,,5.43716e+08
0,807.4,330.4,0,,5.43716e+08
0,807.4,330.4,0,,5.43716e+08
0,807.4,330.4,0,,5.43716e+08
0,807.4,330.4,0,,5.43716e+08
0,807.4,330.4,0,,5.43716e+08
0,807.4,330.4,0,,5.43716e+08
0,807.4,330.4,0,,5.43716e+08
0,807.4,330.4,0,,5.43716e+08
0,807.4,330.4,0,,5.43716e+08
0,807.4,330.4,0,,5.43716e+08
0,807.4,330.4,0,,5.43716e+08
0,807.4,330.4,0,,5.43716e+08
0,807.4,330.4,0,,5.43716e+08
0,807.4,330.4,0,,5.43716e+08
0,807.4,330.4,0,,5.43716e+08
0,807.4,330.4,0,,5.43716e+08
0,807.4,330.4,0,,5.43716e+08
0,807.4,330.4,0,,5.43716e+08
0,807.4,330.4,0,,5.43716e+08
0,807.4,330.4,0,,5.43716e+08
0,807.4,330.4,0,,5.43716e+08
0,807.4,330.4,0,,5.43716e+08
0,807.4,330.4,0,,5.43716e+08
0,807.4,330.4,0,,5.43716e+08
0,807.4,330.4,0,,5.43716e+08
0,807.4,330.4,0,,5.43716e+08
0,807.4,330.4,0,,5.43716e+08
0,807.4,330.4,0,,5.43716e+08
0,807.4,330.4,0,,5.43716e+08
0,807.4,330.4,0,,5.43716e+08
0,807.4,330.4,0,,5.43716e+08
0,807.4,330.4,0,,5.43716e+08
0,807.4,330.4,0,,5.43716e+08
0,807.4,330.4,0,,5.43716e+08
0,807.4,330.4,0,,5.43716e+08
0,807.4,330.4,0,,5.43716e+08
0,807.4,330.4,0,,5.43716e+08
0,807.4,330.4,0,,5.43716e+08
0,807.4,330.4,0,,5.43716e+08
0,807.4,330.4,0,,5.43716e+08
0,807.4,330.4,0,,5.43716e+08
0,807.4,330.4,0,,5.43716e+08
0,807.4,330.4,0,,5.43716e+08
0,807.4,330.4,0,,5.43716e+08
0,807.4,330.4,0,,5.43716e+08
0,807.4,330.4,0,,5.43716e+08
0,807.4,330.4,0,,5.43716e+08
0,807.4,330.4,0,,5.43716e+08
0,807.4,330.4,0,,5.43716e+08
0,807.4,330.4,0,,5.43716e+08
0,807.4,330.4,0,,5.43716e+08
0,807.4,330.4,0,,5.43716e+08
0,807.4,330.4,0,,5.43716e+08
0,807.4,330.4,0,,5.43716e+08
0,807.4,330.4,0,,5.43716e+08
0,807.4,330.4,0,,5.43716e+08
0,807.4,330.4,0,,5.43716e+08
0,807.4,330.4,0,,5.43716e+08
0,807.4,330.4,0,,5.43716e+08
0,807.4,330.4,0,,5.43716e+08
0,807.4,330.4,0,,5.43716e+08
0,807.4,330.4,0,,5.43716e+08
0,807.4,330.4,0,,5.43716e+08
0,807.4,330.4,0,,5.43716e+08
0,807.4,330.4,0,,5.43716e+08
0,807.4,330.4,0,,5.43716e+08
0,807.4,330.4,0,,5.43716e+08
0,807.4,330.4,0,,5.43716e+08
0,807.4,330.4,0,,5.43716e+08
0,807.4,330.4,0,,5.43716e+08
0,807.4,330.4,0,,5.43716e+08
0,807.4,330.4,0,,5.43716e+08
0,807.4,330.4,0,,5.43716e+08
0,807.4,330.4,0,,5.43716e+08
0,807.4,330.4,0,,5.43716e+08
0,807.4,330.4,0,,5.43716e+08
0,807.4,330.4,0,,5.43716e+08
0,807.4,330.4,0,,5.43716e+08
0,807.4,330.4,0,,5.43716e+08
0,807.4,330.4,0,,5.43716e+08
0,807.4,330.4,0,,5.43716e+08
0,807.4,330.4,0,,5.43716e+08
0,807.4,330.4,0,,5.43716e+08
0,807.4,330.4,0,,5.43716e+08
0,807.4,330.4,0,,5.43716e+08
0,807.4,330.4,0,,5.43716e+08
0,807.4,330.4,0,,5.43716e+08
0,807.4,330.4,0,,5.43716e+08
0,807.4,330.4,0,,5.43716e+08
0,807.4,330.4,0,,5.43716e+08
0,807.4,330.4,0,,5.43716e+08
0,807.4,330.4,0,,5.43716e+08
0,807.4,330.4,0,,5.43716e+08
0,807.4,330.4,0,,5.43716e+08
0,807.4,330.4,0,,5.43716e+08
0,807.4,330.4,0,,5.43716e+08
0,807.4,330.4,0,,5.43716e+08
0,807.4,330.4,0,,5.43716e+08
0,807.4,330.4,0,,5.43716e+08
0,807.4,330.4,0,,5.43716e+08
0,807.4,330.4,0,,5.43716e+08
0,807.4,330.4,0,,5.43716e+08
0,807.4,330.4,0,,5.43716e+08
0,807.4,330.4,0,,5.43716e+08
0,807.4,330.4,0,,5.43716e+08
0,807.4,330.4,0,,5.43716e+08
0,807.4,330.4,0,,5.43716e+08
0,807.4,330.4,0,,5.43716e+08
0,807.4,330.4,0,,5.43716e+08
0,807.4,330.4,0,,5.43716e+08
0,807.4,330.4,0,,5.43716e+08
0,807.4,330.4,0,,5.43716e+08
0,807.4,330.4,0,,5.43716e+08
0,807.4,330.4,0,,5.43716e+08
0,807.4,330.4,0,,5.43716e+08
0,807.4,330.4,0,,5.43716e+08
0,807.4,330.4,0,,5.43716e+08
0,807.4,330.4,0,,5.43716e+08
0,807.4,330.4,0,,5.43716e+08
0,807.4,330.4,0,,5.43716e+08
0,807.4,330.4,0,,5.43716e+08
0,807.4,330.4,0,,5.43716e+08
0,807.4,330.4,0,,5.43716e+08
0,807.4,330.4,0,,5.43716e+08
0,807.4,330.4,0,,5.43716e+08
0,807.4,330.4,0,,5.43716e+08
0,807.4,330.4,0,,5.43716e+08
0,807.4,330.4,0,,5.43716e+08
0,807.4,330.4,0,,5.43716e+08
0,807.4,330.4,0,,5.43716e+08
0,807.4,330.4,0,,5.43716e+08
0,807.4,330.4,0,,5.43716e+08
0,807.4,330.4,0,,5.43716e+08
0,807.4,330.4,0,,5.43716e+08
0,807.4,330.4,0,,5.43716e+08
0,807.4,330.4,0,,5.43716e+08
0,807.4,330.4,0,,5.43716e+08
0,807.4,330.4,0,,5.43716e+08
0,807.4,330.4,0,,5.43716e+08
0,807.4,330.4,0,,5.43716e+08
0,807.4,330.4,0,,5.43716e+08
0,807.4,330.4,0,,5.43716e+08
0,807.4,330.4,0,,5.43716e+08
0,807.4,330.4,0,,5.43716e+08
0,807.4,330.4,0,,5.43716e+08
0,807.4,330.4,0,,5.43716e+08
0,807.4,330.4,0,,5.43716e+08
0,807.4,330.4,0,,5.43716e+08
1,807.4,330.4,0,,5.43716e+08
1,807.4,330.4,0,,5.43716e+08
1,807.4,330.4,0,,5.43716e+08
1,807.4,330.4,0,,5.43716e+08
1,807.4,330.4,0,,5.43716e+08
1,807.4,330.4,0,,5.43716e+08
1,807.4,330.4,0,,5.43716e+08
1,807.4,330.4,0,,5.43716e+08
1,807.4,330.4,0,,5.43716e+08
1,807.4,330.4,0,,5.43716e+08
1,807.4,330.4,0,,5.43716e+08
1,807.4,330.4,0,,5.43716e+08
1,807.4,330.4,0,,5.43716e+08
1,807.4,330.4,0,,5.43716e+08
1,807.4,330.4,0,,5.43716e+08
1,807.4,330.4,0,,5.43716e+08
1,807.4,330.4,0,,5.43716e+08
1,807.4,330.4,0,,5.43716e+08
1,807.4,330.4,0,,5.43716e+08
1,807.4,330.4,0,,5.43716e+08
1,807.4,330.4,0,,5.43716e+08
1,807.4,330.4,0,,5.43716e+08
1,807.4,330.4,0,,5.43716e+08
1,807.4,330.4,0,,5.43716e+08
1,807.4,330.4,0,,5.43716e+08
1,807.4,330.4,0,,5.43716e+08
1,807.4,330.4,0,,5.43716e+08
1,807.4,330.4,0,,5.43716e+08
1,807.4,330.4,0,,5.43716e+08
1,807.4,330.4,0,,5.43716e+08
1,807.4,330.4,0,,5.43716e+08
1,807.4,330.4,0,,5.43716e+08
1,807.4,330.4,0,,5.43716e+08
1,807.4,330.4,0,,5.43716e+08
1,807.4,330.4,0,,5.43716e+08
1,807.4,330.4,0,,5.43716e+08
1,807.4,330.4,0,,5.43716e+08
1,807.4,330.4,0,,5.43716e+08
1,807.4,330.4,0,,5.43716e+08
1,807.4,330.4,0,,5.43716e+08
1,807.4,330.4,0,,5.43716e+08
1,807.4,330.4,0,,5.43716e+08
1,807.4,330.4,0,,5.43716e+08
1,807.4,330.4,0,,5.43716e+08
1,807.4,330.4,0,,5.43716e+08
1,807.4,330.4,0,,5.43716e+08
1,807.4,330.4,0,,5.43716e+08
1,807.4,330.4,0,,5.43716e+08
1,807.4,330.4,0,,5.43716e+08
1,807.4,330.4,0,,5.43716e+08
1,807.4,330.4,0,,5.43716e+08
1,807.4,330.4,0,,5.43716e+08
1,807.4,330.4,0,,5.43716e+08
1,807.4,330.4,0,,5.43716e+08
1,807.4,330.4,0,,5.43716e+08
1,807.4,330.4,0,,5.43716e+08
1,807.4,330.4,0,,5.43716e+08
1,807.4,330.4,0,,5.43716e+08
1,807.4,330.4,0,,5.43716e+08
1,807.4,330.4,0,,5.43716e+08
1,807.4,330.4,0,,5.43716e+08
1,807.4,330.4,0,,5.43716e+08
1,807.4,330.4,0,,5.43716e+08
1,807.4,330.4,0,,5.43716e+08
1,807.4,330.4,0,,5.43716e+08
1,807.4,330.4,0,,5.43716e+08
1,807.4,330.4,0,,5.43716e+08
1,807.4,330.4,0,,5.43716e+08
1,807.4,330.4,0,,5.43716e+08
1,807.4,330.4,0,,5.43716e+08
1,807.4,330.4,0,,5.43716e+08
1,807.4,330.4,0,,5.43716e+08
1,807.4,330.4,0,,5.43716e+08
1,807.4,330.4,0,,5.43716e+08
1,807.4,330.4,0,,5.43716e+08
1,807.4,330.4,0,,5.43716e+08
1,807.4,330.4,0,,5.43716e+08
1,807.4,330.4,0,,5.43716e+08
1,807.4,330.4,0,,5.43716e+08
1,807.4,330.4,0,,5.43716e+08
1,807.4,330.4,0,,5.43716e+08
1,807.4,330.4,0,,5.43716e+08
1,807.4,330.4,0,,5.43716e+08
1,807.4,330.4,0,,5.43716e+08
1,807.4,330.4,0,,5.43716e+08
1,807.4,330.4,0,,5.43716e+08
1,807.4,330.4,0,,5.43716e+08
1,807.4,330.4,0,,5.43716e+08
1,807.4,330.4,0,,5.43716e+08
1,807.4,330.4,0,,5.43716e+08
1,807.4,330.4,0,,5.43716e+08
1,807.4,330.4,0,,5.43716e+08
1,807.4,330.4,0,,5.43716e+08
1,807.4,330.4,0,,5.43716e+08
1,807.4,330.4,0,,5.43716e+08
1,807.4,330.4,0,,5.43716e+08
1,807.4,330.4,0,,5.43716e+08
1,807.4,330.4,0,,5.43716e+08
1,807.4,330.4,0,,5.43716e+08
1,807.4,330.4,0,,5.43716e+08
1,807.4,330.4,0,,5.43716e+08
1,807.4,330.4,0,,5.43716e+08
1,807.4,330.4,0,,5.43716e+08
1,807.4,330.4,0,,5.43716e+08
1,807.4,330.4,0,,5.43716e+08
1,807.4,330.4,0,,5.43716e+08
1,807.4,330.4,0,,5.43716e+08
1,807.4,330.4,0,,5.43716e+08
1,807.4,330.4,0,,5.43716e+08
1,807.4,330.4,0,,5.43716e+08
1,807.4,330.4,0,,5.43716e+08
1,807.4,330.4,0,,5.43716e+08
1,807.4,330.4,0,,5.43716e+08
1,807.4,330.4,0,,5.43716e+08
1,807.4,330.4,0,,5.43716e+08
1,807.4,330.4,0,,5.43716e+08
1,807.4,330.4,0,,5.43716e+08
1,807.4,330.4,0,,5.43716e+08
1,807.4,330.4,0,,5.43716e+08
1,807.4,330.4,0,,5.43716e+08
1,807.4,330.4,0,,5.43716e+08
1,807.4,330.4,0,,5.43716e+08
1,807.4,330.4,0,,5.43716e+08
1,807.4,330.4,0,,5.43716e+08
1,807.4,330.4,0,,5.43716e+08
1,807.4,330.4,0,,5.43716e+08
1,807.4,330.4,0,,5.43716e+08
1,807.4,330.4,0,,5.43716e+08
1,807.4,330.4,0,,5.43716e+08
1,807.4,330.4,0,,5.43716e+08
1,807.4,330.4,0,,5.43716e+08
1,807.4,330.4,0,,5.43716e+08
1,807.4,330.4,0,,5.43716e+08
1,807.4,330.4,0,,5.43716e+08
1,807.4,330.4,0,,5.43716e+08
1,807.4,330.4,0,,5.43716e+08
1,807.4,330.4,0,,5.43716e+08
1,807.4,330.4,0,,5.43716e+08
1,807.4,330.4,0,,5.43716e+08
1,807.4,330.4,0,,5.43716e+08
1,807.4,330.4,0,,5.43716e+08
1,807.4,330.4,0,,5.43716e+08
1,807.4,330.4,0,,5.43716e+08
1,807.4,330.4,0,,5.43716e+08
1,807.4,330.4,0,,5.43716e+08
1,807.4,330.4,0,,5.43716e+08
1,807.4,330.4,0,,5.43716e+08
1,807.4,330.4,0,,5.43716e+08
1,807.4,330.4,0,,5.43716e+08
1,807.4,330.4,0,,5.43716e+08
1,807.4,330.4,0,,5.43716e+08
1,807.4,330.4,0,,5.43716e+08
1,807.4,330.4,0,,5.43716e+08
1,807.4,330.4,0,,5.43716e+08
1,807.4,330.4,0,,5.43716e+08
1,807.4,330.4,0,,5.43716e+08
1,807.4,330.4,0,,5.43716e+08
1,807.4,330.4,0,,5.43716e+08
1,807.4,330.4,0,,5.43716e+08
1,807.4,330.4,0,,5.43716e+08
1,807.4,330.4,0,,5.43716e+08
1,807.4,330.4,0,,5.43716e+08
1,807.4,330.4,0,,5.43716e+08
1,807.4,330.4,0,,5.43716e+08
1,807.4,330.4,0,,5.43716e+08
1,807.4,330.4,0,,5.43716e+08
1,807.4,330.4,0,,5.43716e+08
1,807.4,330.4,0,,5.43716e+08
1,807.4,330.4,0,,5.43716e+08
1,807.4,330.4,0,,5.43716e+08
1,807.4,330.4,0,,5.43716e+08
1,807.4,330.4,0,,5.43716e+08
1,807.4,330.4,0,,5.43716e+08
1,807.4,330.4,0,,5.43716e+08
1,807.4,330.4,0,,5.43716e+08
1,807.4,330.4,0,,5.43716e+08
1,807.4,330.4,0,,5.43716e+08
1,807.4,330.4,0,,5.43716e+08
1,807.4,330.4,0,,5.43716e+08
1,807.4,330.4,0,,5.43716e+08
1,807.4,330.4,0,,5.43716e+08
1,807.4,330.4,0,,5.43716e+08
1,807.4,330.4,0,,5.43716e+08
1,807.4,330.4,0,,5.43716e+08
1,807.4,330.4,0,,5.43716e+08
1,807.4,330.4,0,,5.43716e+08
1,807.4,330.4,0,,5.43716e+08
1,807.4,330.4,0,,5.43716e+08
1,807.4,330.4,0,,5.43716e+08
1,807.4,330.4,0,,5.43716e+08
1,807.4,330.4,0,,5.43716e+08
1,807.4,330.4,0,,5.43716e+08
1,807.4,330.4,0,,5.43716e+08
1,807.4,330.4,0,,5.43716e+08
1,807.4,330.4,0,,5.43716e+08
1,807.4,330.4,0,,5.43716e+08
1,807.4,330.4,0,,5.43716e+08
1,807.4,330.4,0,,5.43716e+08
1,807.4,330.4,0,,5.43716e+08
1,807.4,330.4,0,,5.43716e+08
1,807.4,330.4,0,,5.43716e+08
1,807.4,330.4,0,,5.43716e+08
1,807.4,330.4,0,,5.43716e+08
1,807.4,330.4,0,,5.43716e+08
1,807.4,330.4,0,,5.43716e+08
1,807.4,330.4,0,,5.43716e+08
1,807.4,330.4,0,,5.43716e+08
1,807.4,330.4,0,,5.43716e+08
1,807.4,330.4,0,,5.43716e+08
1,807.4,330.4,0,,5.43716e+08
1,807.4,330.4,0,,5.43716e+08
1,807.4,330.4,0,,5.43716e+08
1,807.4,330.4,0,,5.43716e+08
1,790.3,477.4,0,,5.43723e+08
1,790.3,477.4,0,,5.43723e+08
1,790.3,477.4,0,,5.43723e+08
1,790.3,477.4,0,,5.43723e+08
1,790.3,477.4,0,,5.43723e+08
1,790.3,477.4,0,,5.43723e+08
1,790.3,477.4,0,,5.43723e+08
1,790.3,477.4,0,,5.43723e+08
1,790.3,477.4,0,,5.43723e+08
1,790.3,477.4,0,,5.43723e+08
1,790.3,477.4,0,,5.43723e+08
1,790.3,477.4,0,,5.43723e+08
1,790.3,477.4,0,,5.43723e+08
1,790.3,477.4,0,,5.43723e+08
1,790.3,477.4,0,,5.43723e+08
1,790.3,477.4,0,,5.43723e+08
1,790.3,477.4,0,,5.43723e+08
1,790.3,477.4,0,,5.43723e+08
1,790.3,477.4,0,,5.43723e+08
1,790.3,477.4,0,,5.43723e+08
1,790.3,477.4,0,,5.43723e+08
1,790.3,477.4,0,,5.43723e+08
1,790.3,477.4,0,,5.43723e+08
1,790.3,477.4,0,,5.43723e+08
1,1068,404.6,0,,5.43723e+08
1,1068,404.6,0,,5.43723e+08
1,1068,404.6,0,,5.43723e+08
1,1068,404.6,0,,5.43723e+08
1,1068,404.6,0,,5.43723e+08
1,1068,404.6,0,,5.43723e+08
1,1068,404.6,0,,5.43723e+08
1,1068,404.6,0,,5.43723e+08
1,1068,404.6,0,,5.43723e+08
1,1068,404.6,0,,5.43723e+08
1,1068,404.6,0,,5.43723e+08
1,1068,404.6,0,,5.43723e+08
1,1068,404.6,0,,5.43723e+08
1,1068,404.6,0,,5.43723e+08
1,1068,404.6,0,,5.43723e+08
1,1068,404.6,0,,5.43723e+08
1,1068,404.6,0,,5.43723e+08
1,1068,404.6,0,,5.43723e+08
1,1068,404.6,0,,5.43723e+08
1,1068,404.6,0,,5.43723e+08
1,1068,404.6,0,,5.43723e+08
1,1068,404.6,0,,5.43723e+08
1,1068,404.6,0,,5.43723e+08
1,1068,404.6,0,,5.43723e+08
1,1068,404.6,0,,5.43723e+08
1,1068,404.6,0,,5.43723e+08
1,1068,404.6,0,,5.43723e+08
1,1068,404.6,0,,5.43723e+08
1,1068,404.6,0,,5.43723e+08
1,1068,404.6,0,,5.43723e+08
1,1068,404.6,0,,5.43723e+08
1,958.7,527.6,0,,5.43724e+08
1,958.7,527.6,0,,5.43724e+08
1,958.7,527.6,0,,5.43724e+08
1,958.7,527.6,0,,5.43724e+08
1,958.7,527.6,0,,5.43724e+08
1,958.7,527.6,0,,5.43724e+08
1,958.7,527.6,0,,5.43724e+08
1,958.7,527.6,0,,5.43724e+08
1,958.7,527.6,0,,5.43724e+08
1,958.7,527.6,0,,5.43724e+08
1,1340.7,768.5,0,,5.43724e+08
1,1340.7,768.5,0,,5.43724e+08
1,1340.7,768.5,0,,5.43724e+08
1,1340.7,768.5,0,,5.43724e+08
1,1340.7,768.5,0,,5.43724e+08
1,1340.7,768.5,0,,5.43724e+08
1,1340.7,768.5,0,,5.43724e+08
1,1340.7,768.5,0,,5.43724e+08
1,1340.7,768.5,0,,5.43724e+08
1,1084.9,364.9,0,,5.43724e+08
1,1084.9,364.9,0,,5.43724e+08
1,1084.9,364.9,0,,5.43724e+08
1,1084.9,364.9,0,,5.43724e+08
1,1084.9,364.9,0,,5.43724e+08
1,1084.9,364.9,0,,5.43724e+08
1,1084.9,364.9,0,,5.43724e+08
1,1084.9,364.9,0,,5.43724e+08
1,1084.9,364.9,0,,5.43724e+08
1,1084.9,364.9,0,,5.43724e+08
1,1084.9,364.9,0,,5.43724e+08
1,1084.9,364.9,0,,5.43724e+08
1,1084.9,364.9,0,,5.43724e+08
1,1084.9,364.9,0,,5.43724e+08
1,1084.9,364.9,0,,5.43724e+08
1,1084.9,364.9,0,,5.43724e+08
1,1084.9,364.9,0,,5.43724e+08
1,1084.9,364.9,0,,5.43724e+08
1,1084.9,364.9,0,,5.43724e+08
1,1084.9,364.9,0,,5.43724e+08
1,1084.9,364.9,0,,5.43724e+08
1,1084.9,364.9,0,,5.43724e+08
1,1084.9,364.9,0,,5.43724e+08
1,1084.9,364.9,0,,5.43724e+08
1,1084.9,364.9,0,,5.43724e+08
1,1084.9,364.9,0,,5.43724e+08
1,1084.9,364.9,0,,5.43724e+08
1,1084.9,364.9,0,,5.43724e+08
1,1084.9,364.9,0,,5.43724e+08
1,1084.9,364.9,0,,5.43724e+08
1,1084.9,364.9,0,,5.43724e+08
1,1084.9,364.9,0,,5.43724e+08
1,1084.9,364.9,0,,5.43724e+08
1,1084.9,364.9,0,,5.43724e+08
1,1084.9,364.9,0,,5.43724e+08
1,1084.9,364.9,0,,5.43724e+08
1,1084.9,364.9,0,,5.43724e+08
1,1084.9,364.9,0,,5.43724e+08
1,1084.9,364.9,0,,5.43724e+08
1,1084.9,364.9,0,,5.43724e+08
1,1084.9,364.9,0,,5.43724e+08
1,1084.9,364.9,0,,5.43724e+08
1,1084.9,364.9,0,,5.43724e+08
1,1084.9,364.9,0,,5.43724e+08
1,1084.9,364.9,0,,5.43724e+08
1,1084.9,364.9,0,,5.43724e+08
1,1084.9,364.9,0,,5.43724e+08
1,1084.9,364.9,0,,5.43724e+08
1,1084.9,364.9,0,,5.43724e+08
1,1084.9,364.9,0,,5.43724e+08
1,1084.9,364.9,0,,5.43724e+08
1,1084.9,364.9,0,,5.43724e+08
1,1084.9,364.9,0,,5.43724e+08
1,1084.9,364.9,0,,5.43724e+08
1,1325.3,696.2,0,,5.43725e+08
1,1325.3,696.2,0,,5.43725e+08
1,1325.3,696.2,0,,5.43725e+08
1,1325.3,696.2,0,,5.43725e+08
1,1325.3,696.2,0,,5.43725e+08
1,1325.3,696.2,0,,5.43725e+08
1,1325.3,696.2,0,,5.43725e+08
1,1325.3,696.2,0,,5.43725e+08
1,1325.3,696.2,0,,5.43725e+08
1,1325.3,696.2,0,,5.43725e+08
1,1325.3,696.2,0,,5.43725e+08
1,1325.3,696.2,0,,5.43725e+08
1,1325.3,696.2,0,,5.43725e+08
1,1325.3,696.2,0,,5.43725e+08
1,1325.3,696.2,0,,5.43725e+08
1,1325.3,696.2,0,,5.43725e+08
1,1325.3,696.2,0,,5.43725e+08
1,1325.3,696.2,0,,5.43725e+08
1,1325.3,696.2,0,,5.43725e+08
1,1325.3,696.2,0,,5.43725e+08
1,1325.3,696.2,0,,5.43725e+08
1,1325.3,696.2,0,,5.43725e+08
1,1325.3,696.2,0,,5.43725e+08
1,1325.3,696.2,0,,5.43725e+08
1,1325.3,696.2,0,,5.43725e+08
1,1325.3,696.2,0,,5.43725e+08
1,1325.3,696.2,0,,5.43725e+08
1,1325.3,696.2,0,,5.43725e+08
1,1325.3,696.2,0,,5.43725e+08
1,1325.3,696.2,0,,5.43725e+08
1,1325.3,696.2,0,,5.43725e+08
1,1325.3,696.2,0,,5.43725e+08
1,1325.3,696.2,0,,5.43725e+08
1,1325.3,696.2,0,,5.43725e+08
1,1325.3,696.2,0,,5.43725e+08
1,1325.3,696.2,0,,5.43725e+08
1,1325.3,696.2,0,,5.43725e+08
1,1423.4,684.6,0,,5.43726e+08
1,1423.4,684.6,0,,5.43726e+08
1,1423.4,684.6,0,,5.43726e+08
1,1423.4,684.6,0,,5.43726e+08
1,1423.4,684.6,0,,5.43726e+08
1,1423.4,684.6,0,,5.43726e+08
1,1423.4,684.6,0,,5.43726e+08
1,1423.4,684.6,0,,5.43726e+08
1,1423.4,684.6,0,,5.43726e+08
1,1423.4,684.6,0,,5.43726e+08
1,1423.4,684.6,0,,5.43726e+08
1,1423.4,684.6,0,,5.43726e+08
1,1423.4,684.6,0,,5.43726e+08
1,1423.4,684.6,0,,5.43726e+08
1,1423.4,684.6,0,,5.43726e+08
1,1423.4,684.6,0,,5.43726e+08
1,1423.4,684.6,0,,5.43726e+08
1,1423.4,684.6,0,,5.43726e+08
1,1423.4,684.6,0,,5.43726e+08
1,1423.4,684.6,0,,5.43726e+08
1,1423.4,684.6,0,,5.43726e+08
1,1423.4,684.6,0,,5.43726e+08
1,1423.4,684.6,0,,5.43726e+08
1,1423.4,684.6,0,,5.43726e+08
1,1423.4,684.6,0,,5.43726e+08
1,1423.4,684.6,0,,5.43726e+08
1,1423.4,684.6,0,,5.43726e+08
1,1423.4,684.6,0,,5.43726e+08
1,1423.4,684.6,0,,5.43726e+08
1,1423.4,684.6,0,,5.43726e+08
1,1423.4,684.6,0,,5.43726e+08
1,1423.4,684.6,0,,5.43726e+08
1,1423.4,684.6,0,,5.43726e+08
1,1423.4,684.6,0,,5.43726e+08
1,1423.4,684.6,0,,5.43726e+08
1,1423.4,684.6,0,,5.43726e+08
1,1423.4,684.6,0,,5.43726e+08
1,1423.4,684.6,0,,5.43726e+08
1,1423.4,684.6,0,,5.43726e+08
1,1423.4,684.6,0,,5.43726e+08
1,1423.4,684.6,0,,5.43726e+08
1,1423.4,684.6,0,,5.43726e+08
1,1382.2,582.3,0,,5.43726e+08
1,1382.2,582.3,0,,5.43726e+08
1,1382.2,582.3,0,,5.43726e+08
1,1382.2,582.3,0,,5.43726e+08
1,1382.2,582.3,0,,5.43726e+08
1,1382.2,582.3,0,,5.43726e+08
1,1382.2,582.3,0,,5.43726e+08
1,1382.2,582.3,0,,5.43726e+08
1,1382.2,582.3,0,,5.43726e+08
1,1382.2,582.3,0,,5.43726e+08
1,1382.2,582.3,0,,5.43726e+08
1,1382.2,582.3,0,,5.43726e+08
1,1382.2,582.3,0,,5.43726e+08
1,1382.2,582.3,0,,5.43726e+08
1,1382.2,582.3,0,,5.43726e+08
1,1382.2,582.3,0,,5.43726e+08
1,1382.2,582.3,0,,5.43726e+08
1,1382.2,582.3,0,,5.43726e+08
1,1382.2,582.3,0,,5.43726e+08
1,1382.2,582.3,0,,5.43726e+08
1,1382.2,582.3,0,,5.43726e+08
1,1382.2,582.3,0,,5.43726e+08
1,1382.2,582.3,0,,5.43726e+08
1,1382.2,582.3,0,,5.43726e+08
1,1382.2,582.3,0,,5.43726e+08
1,1382.2,582.3,0,,5.43726e+08
1,1382.2,582.3,0,,5.43726e+08
1,1382.2,582.3,0,,5.43726e+08
1,1382.2,582.3,0,,5.43726e+08
1,1382.2,582.3,0,,5.43726e+08
1,1382.2,582.3,0,,5.43726e+08
1,1382.2,582.3,0,,5.43726e+08
1,1407.4,611.5,0,,5.43727e+08
1,1407.4,611.5,0,,5.43727e+08
1,1407.4,611.5,0,,5.43727e+08
1,1407.4,611.5,0,,5.43727e+08
1,1407.4,611.5,0,,5.43727e+08
1,1407.4,611.5,0,,5.43727e+08
1,1407.4,611.5,0,,5.43727e+08
1,1407.4,611.5,0,,5.43727e+08
1,1407.4,611.5,0,,5.43727e+08
1,1407.4,611.5,0,,5.43727e+08
1,1407.4,611.5,0,,5.43727e+08
1,1407.4,611.5,0,,5.43727e+08
1,1407.4,611.5,0,,5.43727e+08
1,1407.4,611.5,0,,5.43727e+08
1,1407.4,611.5,0,,5.43727e+08
1,1407.4,611.5,0,,5.43727e+08
1,1407.4,611.5,0,,5.43727e+08
1,1407.4,611.5,0,,5.43727e+08
1,1407.4,611.5,0,,5.43727e+08
1,1407.4,611.5,0,,5.43727e+08
1,1407.4,611.5,0,,5.43727e+08
1,1407.4,611.5,0,,5.43727e+08
1,1407.4,611.5,0,,5.43727e+08
1,1407.4,611.5,0,,5.43727e+08
1,1407.4,611.5,0,,5.43727e+08
1,1407.4,611.5,0,,5.43727e+08
1,1407.4,611.5,0,,5.43727e+08
1,1407.4,611.5,0,,5.43727e+08
1,1407.4,611.5,0,,5.43727e+08
1,1407.4,611.5,0,,5.43727e+08
1,1407.4,611.5,0,,5.43727e+08
1,1407.4,611.5,0,,5.43727e+08
1,1407.4,611.5,0,,5.43727e+08
1,1407.4,611.5,0,,5.43727e+08
1,1407.4,611.5,0,,5.43727e+08
1,1407.4,611.5,0,,5.43727e+08
1,1407.4,611.5,0,,5.43727e+08
1,1407.4,611.5,0,,5.43727e+08
1,1407.4,611.5,0,,5.43727e+08
1,1407.4,611.5,0,,5.43727e+08
1,1407.4,611.5,0,,5.43727e+08
1,1407.4,611.5,0,,5.43727e+08
1,1407.4,611.5,0,,5.43727e+08
1,1407.4,611.5,0,,5.43727e+08
1,1407.4,611.5,0,,5.43727e+08
1,1407.4,611.5,0,,5.43727e+08
1,1407.4,611.5,0,,5.43727e+08
1,1407.4,611.5,0,,5.43727e+08
1,1407.4,611.5,0,,5.43727e+08
1,1407.4,611.5,0,,5.43727e+08
1,1407.4,611.5,0,,5.43727e+08
1,1407.4,611.5,0,,5.43727e+08
1,1407.4,611.5,0,,5.43727e+08
1,1407.4,611.5,0,,5.43727e+08
1,1407.4,611.5,0,,5.43727e+08
1,1407.4,611.5,0,,5.43727e+08
1,1407.4,611.5,0,,5.43727e+08
1,1407.4,611.5,0,,5.43727e+08
1,1407.4,611.5,0,,5.43727e+08
1,1407.4,611.5,0,,5.43727e+08
1,1407.4,611.5,0,,5.43727e+08
1,1407.4,611.5,0,,5.43727e+08
1,1407.4,611.5,0,,5.43727e+08
1,1407.4,611.5,0,,5.43727e+08
1,1407.4,611.5,0,,5.43727e+08
1,1407.4,611.5,0,,5.43727e+08
1,1407.4,611.5,0,,5.43727e+08
1,1407.4,611.5,0,,5.43727e+08
1,1407.4,611.5,0,,5.43727e+08
1,1407.4,611.5,0,,5.43727e+08
1,1407.4,611.5,0,,5.43727e+08
1,1407.4,611.5,0,,5.43727e+08
1,1407.4,611.5,0,,5.43727e+08
1,1407.4,611.5,0,,5.43727e+08
1,1407.4,611.5,0,,5.43727e+08
1,1407.4,611.5,0,,5.43727e+08
1,1407.4,611.5,0,,5.43727e+08
1,1407.4,611.5,0,,5.43727e+08
1,1407.4,611.5,0,,5.43727e+08
1,1407.4,611.5,0,,5.43727e+08
1,1407.4,611.5,0,,5.43727e+08
1,1407.4,611.5,0,,5.43727e+08
1,1407.4,611.5,0,,5.43727e+08
1,1407.4,611.5,0,,5.43727e+08
1,1407.4,611.5,0,,5.43727e+08
1,1407.4,611.5,0,,5.43727e+08
1,1407.4,611.5,0,,5.43727e+08
1,1407.4,611.5,0,,5.43727e+08
1,1407.4,611.5,0,,5.43727e+08
1,1407.4,611.5,0,,5.43727e+08
1,1407.4,611.5,0,,5.43727e+08
0,1407.4,611.5,0,,5.43727e+08
0,1407.4,611.5,0,,5.43727e+08
0,1407.4,611.5,0,,5.43727e+08
0,1407.4,611.5,0,,5.43727e+08
0,1407.4,611.5,0,,5.43727e+08
0,1407.4,611.5,0,,5.43727e+08
0,1407.4,611.5,0,,5.43727e+08
0,1407.4,611.5,0,,5.43727e+08
0,1407.4,611.5,0,,5.43727e+08
0,1407.4,611.5,0,,5.43727e+08
0,1407.4,611.5,0,,5.43727e+08
0,1407.4,611.5,0,,5.43727e+08
0,1407.4,611.5,0,,5.43727e+08
0,1407.4,611.5,0,,5.43727e+08
0,1407.4,611.5,0,,5.43727e+08
0,1407.4,611.5,0,,5.43727e+08
0,1407.4,611.5,0,,5.43727e+08
0,1407.4,611.5,0,,5.43727e+08
0,1407.4,611.5,0,,5.43727e+08
0,1407.4,611.5,0,,5.43727e+08
0,1407.4,611.5,0,,5.43727e+08
0,1407.4,611.5,0,,5.43727e+08
0,1407.4,611.5,0,,5.43727e+08
0,1407.4,611.5,0,,5.43727e+08
0,1407.4,611.5,0,,5.43727e+08
0,1407.4,611.5,0,,5.43727e+08
0,1407.4,611.5,0,,5.43727e+08
0,1407.4,611.5,0,,5.43727e+08
0,1407.4,611.5,0,,5.43727e+08
0,1407.4,611.5,0,,5.43727e+08
0,1407.4,611.5,0,,5.43727e+08
0,1407.4,611.5,0,,5.43727e+08
0,1407.4,611.5,0,,5.43727e+08
0,1407.4,611.5,0,,5.43727e+08
0,1407.4,611.5,0,,5.43727e+08
0,1407.4,611.5,0,,5.43727e+08
0,1407.4,611.5,0,,5.43727e+08
0,1407.4,611.5,0,,5.43727e+08
0,1407.4,611.5,0,,5.43727e+08
0,1407.4,611.5,0,,5.43727e+08
0,1407.4,611.5,0,,5.43727e+08
0,1407.4,611.5,0,,5.43727e+08
0,1407.4,611.5,0,,5.43727e+08
0,1407.4,611.5,0,,5.43727e+08
0,1407.4,611.5,0,,5.43727e+08
0,1407.4,611.5,0,,5.43727e+08
0,1407.4,611.5,0,,5.43727e+08
0,1407.4,611.5,0,,5.43727e+08
0,1407.4,611.5,0,,5.43727e+08
0,1407.4,611.5,0,,5.43727e+08
0,1407.4,611.5,0,,5.43727e+08
0,1407.4,611.5,0,,5.43727e+08
0,1407.4,611.5,0,,5.43727e+08
0,1407.4,611.5,0,,5.43727e+08
0,1407.4,611.5,0,,5.43727e+08
0,1407.4,611.5,0,,5.43727e+08
0,1407.4,611.5,0,,5.43727e+08
0,1407.4,611.5,0,,5.43727e+08
0,1407.4,611.5,0,,5.43727e+08
0,1407.4,611.5,0,,5.43727e+08
0,1407.4,611.5,0,,5.43727e+08
0,1407.4,611.5,0,,5.43727e+08
0,1407.4,611.5,0,,5.43727e+08
0,1407.4,611.5,0,,5.43727e+08
0,1407.4,611.5,0,,5.43727e+08
0,1407.4,611.5,0,,5.43727e+08
0,1407.4,611.5,0,,5.43727e+08
0,1407.4,611.5,0,,5.43727e+08
0,1407.4,611.5,0,,5.43727e+08
0,1407.4,611.5,0,,5.43727e+08
0,1407.4,611.5,0,,5.43727e+08
0,1407.4,611.5,0,,5.43727e+08
0,1407.4,611.5,0,,5.43727e+08
0,1407.4,611.5,0,,5.43727e+08
0,1407.4,611.5,0,,5.43727e+08
0,1407.4,611.5,0,,5.43727e+08
0,1407.4,611.5,0,,5.43727e+08
0,1407.4,611.5,0,,5.43727e+08
0,1407.4,611.5,0,,5.43727e+08
0,1407.4,611.5,0,,5.43727e+08
