page,x,y,word,word_index,timestamp
0,1920,0,0,,0
0,962.9,602.9,0,,9.38291e+07
0,962.9,602.9,0,,9.38291e+07
0,963.5,605.1,0,,9.38291e+07
0,963.6,598.4,0,,9.38292e+07
0,964,597.6,0,,9.38292e+07
0,963.4,595.2,0,,9.38292e+07
0,963.4,595.2,0,,9.38292e+07
0,962,590.3,0,,9.38292e+07
0,961.4,588.5,0,,9.38292e+07
0,959.9,590.3,0,,9.38293e+07
0,960.1,588.8,0,,9.38293e+07
0,958.4,585.6,0,,9.38293e+07
0,956.5,587.6,0,,9.38293e+07
0,963,586.3,0,,9.38293e+07
0,963.4,582.1,0,,9.38293e+07
0,965.7,566.5,0,,9.38294e+07
0,965.7,566.5,0,,9.38294e+07
0,965.7,566.5,0,,9.38294e+07
0,964.7,568.9,0,,9.38294e+07
0,964.7,568.9,0,,9.38294e+07
0,964.7,568.9,0,,9.38294e+07
0,964.7,568.9,0,,9.38294e+07
0,964.7,568.9,0,,9.38294e+07
0,964.7,568.9,0,,9.38294e+07
0,964.7,568.9,0,,9.38294e+07
0,938,571.7,0,,9.38295e+07
0,957.7,550.5,0,,9.38296e+07
0,958.5,533.6,0,,9.38296e+07
0,957.1,529.5,0,,9.38296e+07
0,956.5,516.3,0,,9.38296e+07
0,956.5,516.3,0,,9.38296e+07
0,960.6,505.5,0,,9.38296e+07
0,959.1,508.4,0,,9.38297e+07
0,958.6,510,0,,9.38297e+07
0,959.5,509.2,0,,9.38297e+07
0,960.6,507.4,0,,9.38297e+07
0,961.3,507.3,0,,9.38297e+07
0,961.4,510.4,0,,9.38298e+07
0,955.6,515.7,0,,9.38298e+07
0,955.1,516.9,0,,9.38298e+07
0,955.1,516.9,0,,9.38298e+07
0,951.9,513.1,0,,9.38298e+07
0,957.4,506.6,0,,9.38298e+07
0,959.2,502,0,,9.38299e+07
0,929.2,517,0,,9.38299e+07
0,920.2,526.1,0,,9.38299e+07
0,921.3,527.6,0,,9.38299e+07
0,923.5,526.7,0,,9.38299e+07
0,920.1,531,0,,9.38299e+07
0,920.1,531,0,,9.38299e+07
0,921.5,535.5,0,,9.383e+07
0,921.5,536.4,0,,9.383e+07
0,920.8,536.7,0,,9.383e+07
0,914.7,537.3,0,,9.383e+07
0,914.7,537.3,0,,9.383e+07
0,910.5,535.8,0,,9.38301e+07
0,910.9,533.6,0,,9.38301e+07
0,910.1,532.9,0,,9.38301e+07
0,910.1,532.9,0,,9.38301e+07
0,911.6,529.1,0,,9.38301e+07
0,912,530.4,0,,9.38301e+07
0,908.7,531.5,0,,9.38301e+07
0,910.3,529.6,0,,9.38302e+07
0,907.4,531.7,0,,9.38302e+07
0,908.6,530.9,0,,9.38302e+07
0,910.2,529.6,0,,9.38302e+07
0,911,533.8,0,,9.38302e+07
0,911,533.8,0,,9.38302e+07
0,913.1,530.5,0,,9.38303e+07
0,913.4,530.3,0,,9.38303e+07
0,909.7,531.8,0,,9.38303e+07
0,904.4,532.5,0,,9.38303e+07
0,895.9,535.1,0,,9.38303e+07
0,894.3,535.9,0,,9.38304e+07
0,893.9,536,0,,9.38304e+07
0,895.3,538.9,0,,9.38304e+07
0,895.3,538.9,0,,9.38304e+07
0,894.1,537,0,,9.38304e+07
0,895.3,535.4,0,,9.38304e+07
0,896.8,533.2,0,,9.38304e+07
0,888.9,546.1,0,,9.38305e+07
0,889.8,544.6,0,,9.38305e+07
0,889.8,544.6,0,,9.38305e+07
0,890.6,546.5,0,,9.38305e+07
0,890.4,544.2,0,,9.38305e+07
0,890.4,544.2,0,,9.38305e+07
0,939.4,567.5,0,,9.38306e+07
0,1005.8,608.9,0,,9.38306e+07
0,1011.4,614.3,0,,9.38306e+07
0,1015.5,617.3,0,,9.38306e+07
0,1016,621.9,0,,9.38306e+07
0,1018.1,621.4,0,,9.38307e+07
0,1019.4,618.7,0,,9.38307e+07
0,1020.3,615.7,0,,9.38307e+07
0,1020.3,615.7,0,,9.38307e+07
0,1027.5,614.1,0,,9.38307e+07
0,1025.5,613.4,0,,9.38307e+07
0,1101.9,635.1,0,,9.38308e+07
0,1632,782.2,0,,9.38308e+07
0,1712.6,807.1,0,,9.38308e+07
0,1726.7,811,0,,9.38308e+07
0,1913.7,876.1,0,,9.38308e+07
0,1909.7,877.3,0,,9.38308e+07
0,1909.7,877.3,0,,9.38308e+07
0,2028.4,937.2,0,,9.38309e+07
0,2043,943,0,,9.38309e+07
0,2048.1,980.7,0,,9.38309e+07
0,2039.8,975.1,0,,9.38309e+07
0,2039.8,975.1,0,,9.38309e+07
0,1885.2,869,0,,9.3831e+07
0,1791.4,830,0,,9.3831e+07
0,1391,675.7,0,,9.3831e+07
0,1391,675.7,0,,9.3831e+07
0,1092.5,562.1,0,,9.3831e+07
0,888,477.9,0,,9.3831e+07
0,875.7,468.2,0,,9.38311e+07
0,864.2,461.9,0,,9.38311e+07
0,869.5,484.8,0,,9.38311e+07
0,875.4,481.7,0,,9.38311e+07
0,877.2,481.7,0,,9.38311e+07
0,868,492.4,0,,9.38311e+07
0,868,492.4,0,,9.38311e+07
0,869.8,503.9,0,,9.38312e+07
0,869.8,506.8,0,,9.38312e+07
0,869.9,504.1,0,,9.38312e+07
0,863.1,528.6,0,,9.38312e+07
0,861.9,547.6,0,,9.38312e+07
0,863.4,587.3,0,,9.38313e+07
0,863.3,586.7,0,,9.38313e+07
0,865.5,588.6,0,,9.38313e+07
0,865.5,588.6,0,,9.38313e+07
0,868.1,598,0,,9.38313e+07
0,867.3,594,0,,9.38313e+07
0,860.6,569.6,0,,9.38314e+07
0,853.7,556.4,0,,9.38314e+07
0,817.7,524.3,0,,9.38314e+07
0,804,500.7,0,,9.38314e+07
0,552.8,197.5,0,,9.38314e+07
0,502.7,141.6,0,,9.38314e+07
0,502.7,141.6,0,,9.38314e+07
0,457.1,84,0,,9.38315e+07
0,427.3,65,0,,9.38315e+07
0,420.8,64.9,0,,9.38315e+07
0,426.2,77.7,0,,9.38315e+07
0,426.2,77.7,0,,9.38315e+07
0,428.1,73.7,0,,9.38316e+07
0,427.7,87.4,0,,9.38316e+07
0,427.7,87.4,0,,9.38316e+07
0,841.3,467.3,0,,9.38322e+07
0,841.3,467.3,0,,9.38322e+07
0,842.3,464,0,,9.38322e+07
0,842.3,464,0,,9.38322e+07
0,844.9,459,0,,9.38322e+07
0,841.9,453.6,0,,9.38322e+07
0,843.4,456.3,0,,9.38323e+07
0,839.4,464.2,0,,9.38323e+07
0,838.3,464.2,0,,9.38323e+07
0,834.3,467.3,0,,9.38323e+07
0,833.7,463.4,0,,9.38323e+07
0,829.4,461.6,0,,9.38323e+07
0,829.4,461.6,0,,9.38323e+07
0,820.7,467.1,0,,9.38324e+07
0,819,468.4,0,,9.38324e+07
0,560.7,393.8,0,,9.38324e+07
0,551.2,391.1,0,,9.38324e+07
0,544.9,376.4,0,,9.38324e+07
0,535.6,371.9,0,,9.38325e+07
0,528.7,360,0,,9.38325e+07
0,528.2,348.1,0,,9.38325e+07
0,528.2,348.1,0,,9.38325e+07
0,529.6,357.5,0,,9.38325e+07
0,528.3,373.6,0,,9.38325e+07
0,525,363.6,0,,9.38326e+07
0,525.6,365.4,0,,9.38326e+07
0,526.6,361,0,,9.38326e+07
0,525.2,366,0,,9.38326e+07
0,524.4,366.9,0,,9.38326e+07
0,523.9,357.4,0,,9.38326e+07
0,523.9,357.4,0,,9.38326e+07
0,524.7,354.8,0,,9.38327e+07
0,524.8,353.5,0,,9.38327e+07
0,524.8,353.5,0,,9.38327e+07
0,524.9,355.9,0,,9.38327e+07
0,521.5,352.5,0,,9.38327e+07
0,522.7,358.2,0,,9.38328e+07
0,525.5,361.6,0,,9.38328e+07
0,526.9,364.9,0,,9.38328e+07
0,526.9,364.9,0,,9.38328e+07
0,527.1,367.1,0,,9.38328e+07
0,526.1,367.1,0,,9.38328e+07
0,521.8,365.8,0,,9.38329e+07
0,518.2,361.8,0,,9.38329e+07
0,521.6,359.8,0,,9.38329e+07
0,523.3,361.4,0,,9.38329e+07
0,525.1,357.9,0,,9.38329e+07
0,527,354.7,0,,9.38329e+07
0,527,354.7,0,,9.38329e+07
0,515.6,342.2,0,,9.3833e+07
0,510.9,333.3,0,,9.3833e+07
0,510.3,331.8,0,,9.3833e+07
0,509.8,331.5,0,,9.3833e+07
0,516.3,336.9,0,,9.3833e+07
0,519,340,0,,9.38331e+07
0,519,343.1,0,,9.38331e+07
0,519.2,350.3,0,,9.38331e+07
0,519.2,350.3,0,,9.38331e+07
0,520,347.4,0,,9.38331e+07
0,517.8,350,0,,9.38332e+07
0,516.8,355.9,0,,9.38332e+07
0,518.4,357.8,0,,9.38332e+07
0,516.6,352.5,0,,9.38332e+07
0,519.1,351.7,0,,9.38332e+07
0,520.6,352.2,0,,9.38332e+07
0,521.6,354.2,0,,9.38332e+07
0,521.6,354.2,0,,9.38332e+07
0,521.2,349.6,0,,9.38333e+07
0,521.2,349,0,,9.38333e+07
0,519.1,342.6,0,,9.38333e+07
0,520.7,341.3,0,,9.38333e+07
0,521.3,342.2,0,,9.38333e+07
0,521.7,341.9,0,,9.38334e+07
0,521.9,342.7,0,,9.38334e+07
0,522,346.4,0,,9.38334e+07
0,522,346.4,0,,9.38334e+07
0,522.6,352.9,0,,9.38334e+07
0,523.5,355.2,0,,9.38334e+07
0,529.8,365.1,0,,9.38335e+07
0,515.4,362.5,0,,9.38335e+07
0,516.1,362.2,0,,9.38335e+07
0,515.6,362,0,,9.38335e+07
0,516.1,360.5,0,,9.38335e+07
0,517.6,353.3,0,,9.38335e+07
0,517.6,353.3,0,,9.38335e+07
0,514.8,352.3,0,,9.38336e+07
0,515.2,353.5,0,,9.38336e+07
0,519.5,350.6,0,,9.38336e+07
0,520,350.1,0,,9.38336e+07
0,519.7,347.8,0,,9.38336e+07
0,520.2,348.9,0,,9.38337e+07
0,519.2,348,0,,9.38337e+07
0,519.5,348.4,0,,9.38337e+07
0,519.5,348.4,0,,9.38337e+07
0,522.1,353,0,,9.38337e+07
0,528.8,360.3,0,,9.38337e+07
0,440.7,345.9,0,,9.38338e+07
0,400.3,342.1,0,,9.38338e+07
0,391.1,340.8,0,,9.38338e+07
0,370.3,339.6,0,,9.38338e+07
0,361,340.2,0,,9.38338e+07
0,356.1,340,0,,9.38338e+07
0,356.1,340,0,,9.38338e+07
0,357.1,339.4,0,,9.38339e+07
0,353.8,339.5,0,,9.38339e+07
0,353.8,341.4,0,,9.38339e+07
0,356.7,345.7,0,,9.38339e+07
0,357.3,347,0,,9.38339e+07
0,356.9,347.6,0,,9.3834e+07
0,356.4,348.6,0,,9.3834e+07
0,355.6,350.2,0,,9.3834e+07
0,355.6,350.2,0,,9.3834e+07
0,356.9,349.6,0,,9.3834e+07
0,358.8,346.8,0,,9.3834e+07
0,359.5,346.2,0,,9.38341e+07
0,361.1,346.6,0,,9.38341e+07
0,362.5,347.9,0,,9.38341e+07
0,362.8,341.8,0,,9.38341e+07
0,357.6,333.9,0,,9.38341e+07
0,359.4,335.3,0,,9.38341e+07
0,359.4,335.3,0,,9.38341e+07
0,361.1,331.1,0,,9.38342e+07
0,360.6,336.6,0,,9.38342e+07
0,359.4,348.2,0,,9.38342e+07
0,361.3,356.8,0,,9.38342e+07
0,362.7,359.7,0,,9.38342e+07
0,363.4,365,0,,9.38343e+07
0,363.8,369,0,,9.38343e+07
0,369.5,375.7,0,,9.38343e+07
0,369.5,375.7,0,,9.38343e+07
0,456.4,396.1,0,,9.38343e+07
0,478.1,402.3,0,,9.38343e+07
0,476.5,402.3,0,,9.38344e+07
0,470.7,398.3,0,,9.38344e+07
0,480.2,402.6,0,,9.38344e+07
0,482.1,401.5,0,,9.38344e+07
0,486.4,390.3,0,,9.38344e+07
0,487.2,384.2,0,,9.38344e+07
0,487.2,384.2,0,,9.38344e+07
0,485.6,393.9,0,,9.38345e+07
0,494.8,398.7,0,,9.38345e+07
0,508.3,399,0,,9.38345e+07
0,753.4,404,0,,9.38345e+07
0,779.4,409.6,0,,9.38345e+07
0,790.2,413.8,0,,9.38346e+07
0,790.2,413.8,0,,9.38346e+07
0,800.8,419.8,0,,9.38346e+07
0,800.8,419.8,0,,9.38346e+07
0,807,428.9,0,,9.38346e+07
0,805.9,427.1,0,,9.38346e+07
0,799.3,408.2,0,,9.38347e+07
0,799.4,404.8,0,,9.38347e+07
0,805.9,405,0,,9.38347e+07
0,804.4,418.5,0,,9.38347e+07
0,801.4,419.4,0,,9.38347e+07
0,801.1,414.9,0,,9.38347e+07
0,801.1,414.9,0,,9.38347e+07
0,801.6,415.1,0,,9.38348e+07
0,798.8,405.6,0,,9.38348e+07
0,802.5,395.7,0,,9.38348e+07
0,802.7,400.5,0,,9.38348e+07
0,803.1,408.9,0,,9.38348e+07
0,800.5,406.6,0,,9.38349e+07
0,792.9,413.1,0,,9.38349e+07
0,775.5,418.4,0,,9.38349e+07
0,775.5,418.4,0,,9.38349e+07
0,737.9,413.3,0,,9.38349e+07
0,735.9,414,0,,9.38349e+07
0,738.2,419.2,0,,9.3835e+07
0,735,419.7,0,,9.3835e+07
0,736.3,420.2,0,,9.3835e+07
0,734.2,416.8,0,,9.3835e+07
0,732.2,414.6,0,,9.3835e+07
0,735.4,417.4,0,,9.3835e+07
0,735.4,417.4,0,,9.3835e+07
0,730.3,415.7,0,,9.38351e+07
0,725.7,403.1,0,,9.38351e+07
0,724.5,409.5,0,,9.38351e+07
0,725.2,406.1,0,,9.38351e+07
0,724.9,407.8,0,,9.38351e+07
0,724,408,0,,9.38352e+07
0,717.8,406.2,0,,9.38352e+07
0,718.1,405.8,0,,9.38352e+07
0,718.1,405.8,0,,9.38352e+07
0,723,399.8,0,,9.38352e+07
0,723.5,397,0,,9.38353e+07
0,723.3,396.3,0,,9.38353e+07
0,723.2,396.2,0,,9.38353e+07
0,721.4,396.8,0,,9.38353e+07
0,714.5,397.6,0,,9.38353e+07
0,717.6,395.3,0,,9.38353e+07
0,717.6,395.3,0,,9.38353e+07
0,717.6,395.3,0,,9.38353e+07
0,717.6,395.3,0,,9.38353e+07
0,717.6,395.3,0,,9.38353e+07
0,717.6,395.3,0,,9.38353e+07
0,717.6,395.3,0,,9.38353e+07
0,711.2,518,0,,9.38354e+07
0,639.9,391.2,0,,9.38355e+07
0,638.7,354.3,0,,9.38355e+07
0,640.1,337.8,0,,9.38355e+07
0,640.1,337.8,0,,9.38355e+07
0,643.4,345,0,,9.38355e+07
0,637.8,312.5,0,,9.38355e+07
0,637.8,312.5,0,,9.38355e+07
0,637.8,312.5,0,,9.38355e+07
0,637.8,312.5,0,,9.38355e+07
0,637.8,312.5,0,,9.38355e+07
0,637.8,312.5,0,,9.38355e+07
0,637.8,312.5,0,,9.38355e+07
0,637.8,312.5,0,,9.38355e+07
0,637.8,312.5,0,,9.38355e+07
0,635.6,266.7,0,,9.38357e+07
0,671.6,394.4,0,,9.38357e+07
0,665.4,390.4,0,,9.38357e+07
0,632.7,360.2,0,,9.38357e+07
0,628.9,356.9,0,,9.38358e+07
0,629.4,359,0,,9.38358e+07
0,631.1,361.4,0,,9.38358e+07
0,631.1,361.4,0,,9.38358e+07
0,631.1,361.4,0,,9.38358e+07
0,631.1,361.4,0,,9.38358e+07
0,631.1,361.4,0,,9.38358e+07
0,631.1,361.4,0,,9.38358e+07
0,631.1,361.4,0,,9.38358e+07
0,631.1,361.4,0,,9.38358e+07
0,631.1,361.4,0,,9.38358e+07
0,631.1,361.4,0,,9.38358e+07
0,631.1,361.4,0,,9.38358e+07
0,1926.2,34.1,0,,9.3836e+07
0,1892.3,82.3,0,,9.3836e+07
0,1892.3,82.3,0,,9.3836e+07
0,1909.1,50.1,0,,9.3836e+07
0,1926.3,20,0,,9.3836e+07
0,1926.3,20,0,,9.3836e+07
0,1940.3,34.8,0,,9.38361e+07
0,1947.9,44.3,0,,9.38361e+07
0,1947.9,44.3,0,,9.38361e+07
0,1944.6,45.3,0,,9.38361e+07
0,1888.7,54.3,0,,9.38362e+07
0,1952.6,44,0,,9.38362e+07
0,1979.1,6.5,0,,9.38362e+07
0,1979.1,6.5,0,,9.38362e+07
0,2005.3,-33,0,,9.38362e+07
0,1986,-3.4,0,,9.38362e+07
0,1986,-3.4,0,,9.38362e+07
0,1967,15.5,0,,9.38363e+07
0,1967,15.5,0,,9.38363e+07
0,1967.3,28.4,0,,9.38363e+07
0,1960.3,53.7,0,,9.38363e+07
0,1964.4,49.7,0,,9.38363e+07
0,1964.4,49.7,0,,9.38363e+07
0,1963.9,50.9,0,,9.38364e+07
0,1969.2,39,0,,9.38364e+07
0,1969.2,39,0,,9.38364e+07
0,1969.2,39,0,,9.38364e+07
0,1990.2,5.7,0,,9.38364e+07
0,2234.8,847,0,,9.38365e+07
0,2238.4,859.3,0,,9.38365e+07
0,2238.4,859.3,0,,9.38365e+07
0,2242.2,885.8,0,,9.38365e+07
0,2242.5,889.3,0,,9.38365e+07
0,2242.5,889.3,0,,9.38365e+07
0,2238.5,887.1,0,,9.38365e+07
0,2238.5,887.1,0,,9.38365e+07
0,2218.7,903,0,,9.38366e+07
0,2218.7,903,0,,9.38366e+07
0,2218.7,903,0,,9.38366e+07
0,2208.8,906.7,0,,9.38366e+07
0,2209.4,906.8,0,,9.38366e+07
0,2215.2,920.5,0,,9.38367e+07
0,2227.7,918.5,0,,9.38367e+07
0,2227.7,918.5,0,,9.38367e+07
0,2232.3,913.7,0,,9.38367e+07
0,2229.8,919.4,0,,9.38367e+07
0,2231,918.9,0,,9.38367e+07
0,2234.8,911,0,,9.38368e+07
0,2240.1,907,0,,9.38368e+07
0,2241.9,905.4,0,,9.38368e+07
0,2241.9,905.4,0,,9.38368e+07
0,2256.3,898.3,0,,9.38368e+07
0,2256.3,898.3,0,,9.38368e+07
0,2256.3,898.3,0,,9.38368e+07
0,2263.7,892.7,0,,9.38369e+07
0,2265.4,891.6,0,,9.38369e+07
0,2265.4,891.6,0,,9.38369e+07
0,2265.4,891.6,0,,9.38369e+07
0,2265.4,891.6,0,,9.38369e+07
0,2265.4,891.6,0,,9.38369e+07
0,2265.4,891.6,0,,9.3837e+07
0,2265.4,891.6,0,,9.3837e+07
0,2265.4,891.6,0,,9.3837e+07
0,2265.4,891.6,0,,9.3837e+07
0,2265.4,891.6,0,,9.3837e+07
0,2265.4,891.6,0,,9.3837e+07
0,2265.4,891.6,0,,9.3837e+07
0,2265.4,891.6,0,,9.3837e+07
0,2265.4,891.6,0,,9.3837e+07
0,2265.4,891.6,0,,9.3837e+07
0,2265.4,891.6,0,,9.3837e+07
0,2265.4,891.6,0,,9.3837e+07
0,2219.7,1021.8,0,,9.38372e+07
0,2151.3,1011.5,0,,9.38372e+07
0,2132.9,1022.2,0,,9.38372e+07
0,2112.3,1032.3,0,,9.38372e+07
0,2107.2,1034.6,0,,9.38372e+07
0,2097.5,1038.6,0,,9.38373e+07
0,2092.9,1040.5,0,,9.38373e+07
0,2092.9,1040.5,0,,9.38373e+07
0,2098,1039.6,0,,9.38373e+07
0,2098.6,1040,0,,9.38373e+07
0,2099.5,1040.7,0,,9.38374e+07
0,2084.2,1043.8,0,,9.38374e+07
0,2080.1,1043.4,0,,9.38374e+07
0,2079.7,1024.4,0,,9.38374e+07
0,2076.6,1019.2,0,,9.38374e+07
0,2075.5,1008,0,,9.38374e+07
0,2075.4,1006.1,0,,9.38374e+07
0,2075.4,1006.1,0,,9.38374e+07
0,2075.8,1005.4,0,,9.38375e+07
0,2071.9,1007.3,0,,9.38375e+07
0,2071.7,1008.9,0,,9.38375e+07
0,2077.5,1016.8,0,,9.38375e+07
0,2085.4,1018.1,0,,9.38375e+07
0,2085.4,1017.7,0,,9.38376e+07
0,2089.2,1019.9,0,,9.38376e+07
0,2089.2,1019.9,0,,9.38376e+07
0,2092.2,1019.8,0,,9.38376e+07
0,2095.2,1018.2,0,,9.38376e+07
0,2093.5,1018.5,0,,9.38376e+07
0,2112.1,1037.9,0,,9.38377e+07
0,2110.9,1036.6,0,,9.38377e+07
0,2115.4,1037,0,,9.38377e+07
0,2115.9,1037.2,0,,9.38377e+07
0,2120.5,1035.3,0,,9.38377e+07
0,2122.9,1033.7,0,,9.38377e+07
0,2122.9,1033.7,0,,9.38377e+07
0,2135,1024.6,0,,9.38378e+07
0,2136.2,1021.2,0,,9.38378e+07
0,2136.2,1014.3,0,,9.38378e+07
0,2131.9,1017,0,,9.38378e+07
0,2121,1018.6,0,,9.38378e+07
0,2125,1020,0,,9.38379e+07
0,2124.7,1020,0,,9.38379e+07
0,2124.7,1020,0,,9.38379e+07
0,2118.6,1019.4,0,,9.38379e+07
0,2118.3,1015.2,0,,9.38379e+07
0,2118.3,1015.2,0,,9.38379e+07
0,2115.9,1016.1,0,,9.3838e+07
0,2112,1014.8,0,,9.3838e+07
0,2107,1022.1,0,,9.3838e+07
0,2107,1022.1,0,,9.3838e+07
0,2069.3,1035.3,0,,9.3838e+07
0,2069.3,1035.3,0,,9.3838e+07
0,2069.3,1035.3,0,,9.3838e+07
0,2050.1,1027.6,0,,9.38381e+07
0,2050.1,1027.6,0,,9.38381e+07
0,2050.1,1027.6,0,,9.38381e+07
0,2050.1,1027.6,0,,9.38381e+07
0,2050.1,1027.6,0,,9.38381e+07
0,2268.3,1067.3,0,,9.38382e+07
0,2268.3,1067.3,0,,9.38382e+07
0,2268.3,1067.3,0,,9.38382e+07
0,2268.3,1067.3,0,,9.38382e+07
0,2268.3,1067.3,0,,9.38382e+07
0,2268.3,1067.3,0,,9.38382e+07
0,2268.3,1067.3,0,,9.38382e+07
0,2268.3,1067.3,0,,9.38382e+07
0,2268.3,1067.3,0,,9.38382e+07
0,2048.8,727.4,0,,9.38383e+07
0,1713,697.6,0,,9.38383e+07
0,1713,697.6,0,,9.38383e+07
0,1713,697.6,0,,9.38383e+07
0,1713,697.6,0,,9.38383e+07
0,1461.3,717.2,0,,9.38384e+07
0,1408.5,715.4,0,,9.38384e+07
0,1282,722.3,0,,9.38384e+07
0,1158.6,682.1,0,,9.38384e+07
0,1077.2,585.5,0,,9.38385e+07
0,1080.8,603.7,0,,9.38385e+07
0,1085.3,612,0,,9.38385e+07
0,1099.7,528.7,0,,9.38385e+07
0,1093.7,532.5,0,,9.38385e+07
0,1094.3,510.2,0,,9.38385e+07
0,1090.6,502.2,0,,9.38386e+07
0,1084.2,518.1,0,,9.38386e+07
0,1084.2,518.1,0,,9.38386e+07
0,855.5,452.7,0,,9.38386e+07
0,763.1,430.8,0,,9.38386e+07
0,763.1,430.8,0,,9.38386e+07
0,510.2,371.9,0,,9.38387e+07
0,525.6,376.2,0,,9.38387e+07
0,292.2,330.1,0,,9.38387e+07
0,289.8,335.2,0,,9.38387e+07
0,307,363.4,0,,9.38387e+07
0,310.2,373.3,0,,9.38388e+07
0,317,384.6,0,,9.38388e+07
0,309.7,375.1,0,,9.38388e+07
0,309.7,375.1,0,,9.38388e+07
0,286.3,396.4,0,,9.38388e+07
0,281,384.1,0,,9.38388e+07
0,259.6,385.5,0,,9.38388e+07
0,261,382.5,0,,9.38389e+07
0,252.7,380.2,0,,9.38389e+07
0,254,381.5,0,,9.38389e+07
0,245.4,376.9,0,,9.38389e+07
0,247,376.3,0,,9.38389e+07
0,247,376.3,0,,9.38389e+07
0,235.5,363.7,0,,9.3839e+07
0,244.4,367.3,0,,9.3839e+07
0,241.8,364.1,0,,9.3839e+07
0,222.5,372.8,0,,9.3839e+07
0,231,371.8,0,,9.3839e+07
0,222.1,367.3,0,,9.38391e+07
0,220.7,365.6,0,,9.38391e+07
0,218.7,365.1,0,,9.38391e+07
0,218.7,365.1,0,,9.38391e+07
0,216.5,368.4,0,,9.38391e+07
0,216.8,369.4,0,,9.38391e+07
0,210.2,363.1,0,,9.38391e+07
0,206,356.7,0,,9.38392e+07
0,209.3,366.4,0,,9.38392e+07
0,218.7,387.5,0,,9.38392e+07
0,212.2,380.6,0,,9.38392e+07
0,212.2,380.6,0,,9.38392e+07
0,205.7,376.2,0,,9.38392e+07
0,198.8,370.9,0,,9.38393e+07
0,196.8,369.7,0,,9.38393e+07
0,198.2,375.7,0,,9.38393e+07
0,190.7,370.9,0,,9.38393e+07
0,188,366.1,0,,9.38393e+07
0,186.5,370.1,0,,9.38394e+07
0,193.5,370.8,0,,9.38394e+07
0,198.2,369.5,0,,9.38394e+07
0,198.2,369.5,0,,9.38394e+07
0,208.1,372.5,0,,9.38394e+07
0,233.2,370.1,0,,9.38394e+07
0,273.6,365.8,0,,9.38395e+07
0,270,364.9,0,,9.38395e+07
0,270.6,366.1,0,,9.38395e+07
0,271.2,368.1,0,,9.38395e+07
0,279.4,376.9,0,,9.38395e+07
0,299.9,377.6,0,,9.38395e+07
0,299.9,377.6,0,,9.38395e+07
0,316.7,375.6,0,,9.38396e+07
0,319.4,376.9,0,,9.38396e+07
0,329.7,379.7,0,,9.38396e+07
0,345.2,377.6,0,,9.38396e+07
0,361.4,369.9,0,,9.38396e+07
0,366.9,368.8,0,,9.38396e+07
0,367,363.4,0,,9.38397e+07
0,363.7,361.6,0,,9.38397e+07
0,363.7,361.6,0,,9.38397e+07
0,366.9,354.3,0,,9.38397e+07
0,385.1,350.4,0,,9.38397e+07
0,435.8,357.1,0,,9.38398e+07
0,445.3,358.2,0,,9.38398e+07
0,449.8,363.8,0,,9.38398e+07
0,454.5,364.6,0,,9.38398e+07
0,456.7,364.4,0,,9.38398e+07
0,466.4,363,0,,9.38398e+07
0,466.4,363,0,,9.38398e+07
0,468.7,364.3,0,,9.38399e+07
0,467,363.9,0,,9.38399e+07
0,469.8,362.9,0,,9.38399e+07
0,469.5,364.8,0,,9.38399e+07
0,468.5,366.1,0,,9.38399e+07
0,465.3,359.8,0,,9.38399e+07
0,465,360.3,0,,9.384e+07
0,471.4,362.1,0,,9.384e+07
0,471.4,362.1,0,,9.384e+07
0,471.4,362.1,0,,9.384e+07
0,472.1,362.3,0,,9.384e+07
0,472.2,363.1,0,,9.38400e+07
0,472.2,363.1,0,,9.38400e+07
0,560.1,378.9,0,,9.38401e+07
0,566.3,378.4,0,,9.38401e+07
0,573.6,374.8,0,,9.38401e+07
0,586.3,370,0,,9.38401e+07
0,586.3,370,0,,9.38401e+07
0,589.5,371.3,0,,9.38402e+07
0,584.2,370.3,0,,9.38402e+07
0,583.2,372.5,0,,9.38402e+07
0,583.2,372.6,0,,9.38402e+07
0,581.4,374.5,0,,9.38402e+07
0,581.8,381.9,0,,9.38403e+07
0,585,381.5,0,,9.38403e+07
0,590.9,381.8,0,,9.38403e+07
0,590.9,381.8,0,,9.38403e+07
0,593.2,381.9,0,,9.38403e+07
0,614.1,387.6,0,,9.38403e+07
0,658.9,385,0,,9.38404e+07
0,663.2,383.5,0,,9.38404e+07
0,673.3,383.6,0,,9.38404e+07
0,696.8,380.7,0,,9.38404e+07
0,695.8,379.3,0,,9.38404e+07
0,692.9,376.1,0,,9.38404e+07
0,692.9,376.1,0,,9.38404e+07
0,694.3,378.6,0,,9.38405e+07
0,694.6,378.5,0,,9.38405e+07
0,692,375.5,0,,9.38405e+07
0,691.5,376.2,0,,9.38405e+07
0,691.8,373.8,0,,9.38405e+07
0,691.9,371.6,0,,9.38406e+07
0,690.7,371.5,0,,9.38406e+07
0,685.4,373.4,0,,9.38406e+07
0,685.4,373.4,0,,9.38406e+07
0,683.1,373.3,0,,9.38406e+07
0,687.1,371.8,0,,9.38406e+07
0,699.9,368.6,0,,9.38406e+07
0,750.8,362.3,0,,9.38407e+07
0,767.3,360.1,0,,9.38407e+07
0,780.6,357.8,0,,9.38407e+07
0,788.3,364,0,,9.38407e+07
0,789.9,364.4,0,,9.38407e+07
0,789.9,364.4,0,,9.38407e+07
0,790.9,368.4,0,,9.38408e+07
0,791.1,366.9,0,,9.38408e+07
0,790.9,366.8,0,,9.38408e+07
0,790.5,364.6,0,,9.38408e+07
0,786.8,364.5,0,,9.38408e+07
0,786.1,362.5,0,,9.38409e+07
0,786.9,360.2,0,,9.38409e+07
0,790.8,363.1,0,,9.38409e+07
0,790.8,363.1,0,,9.38409e+07
0,856.8,394.1,0,,9.38409e+07
0,846.5,384.8,0,,9.38409e+07
0,868.1,370.9,0,,9.3841e+07
0,881.5,372.1,0,,9.3841e+07
0,909.8,370.9,0,,9.3841e+07
0,939.1,357.1,0,,9.3841e+07
0,940.7,357.1,0,,9.3841e+07
0,941.8,358.3,0,,9.3841e+07
0,941.8,358.3,0,,9.3841e+07
0,942.6,370.2,0,,9.38411e+07
0,942.5,369.8,0,,9.38411e+07
0,942.2,369,0,,9.38411e+07
0,944.1,361.2,0,,9.38411e+07
0,941,347.9,0,,9.38411e+07
0,940.5,346.2,0,,9.38411e+07
0,948,348.4,0,,9.38412e+07
0,946.8,348.4,0,,9.38412e+07
0,946.8,348.4,0,,9.38412e+07
0,947,347.1,0,,9.38412e+07
0,947.4,347.5,0,,9.38412e+07
0,949.8,347.8,0,,9.38413e+07
0,958.1,347.8,0,,9.38413e+07
0,972.5,354.8,0,,9.38413e+07
0,1008.1,354.9,0,,9.38413e+07
0,1052.6,350,0,,9.38413e+07
0,1058.7,349.9,0,,9.38413e+07
0,1058.7,349.9,0,,9.38413e+07
0,1092.6,345,0,,9.38414e+07
0,1097.7,346.7,0,,9.38414e+07
0,1100.7,353.7,0,,9.38414e+07
0,1100.8,354.3,0,,9.38414e+07
0,1096.8,354.9,0,,9.38414e+07
0,1097.1,349.1,0,,9.38415e+07
0,1098.8,350.7,0,,9.38415e+07
0,1105.9,349.9,0,,9.38415e+07
0,1105.9,349.9,0,,9.38415e+07
0,1114.2,342.6,0,,9.38415e+07
0,1111.8,343.1,0,,9.38415e+07
0,1179.4,341.6,0,,9.38416e+07
0,1202.9,341.9,0,,9.38416e+07
0,1219.9,344,0,,9.38416e+07
0,1220.8,351.4,0,,9.38416e+07
0,1220,353.5,0,,9.38416e+07
0,1220,350.9,0,,9.38416e+07
0,1220,350.9,0,,9.38416e+07
0,1216.8,358.9,0,,9.38417e+07
0,1217.7,360.9,0,,9.38417e+07
0,1219.3,370.2,0,,9.38417e+07
0,1223,372,0,,9.38417e+07
0,1223.5,372,0,,9.38417e+07
0,1224,373.7,0,,9.38418e+07
0,1223.6,373.8,0,,9.38418e+07
0,1222.6,374.2,0,,9.38418e+07
0,1222.6,374.2,0,,9.38418e+07
0,1227.1,378,0,,9.38418e+07
0,1224.7,377.8,0,,9.38418e+07
0,1244.2,378.9,0,,9.38419e+07
0,1286.2,376.6,0,,9.38419e+07
0,1297.8,375.1,0,,9.38419e+07
0,1305.5,374.1,0,,9.38419e+07
0,1304.1,374.9,0,,9.38419e+07
0,1302.7,376.4,0,,9.38419e+07
0,1302.7,376.4,0,,9.38419e+07
0,1303.5,377.8,0,,9.3842e+07
0,1302.3,382.1,0,,9.3842e+07
0,1299.9,389.9,0,,9.3842e+07
0,1300.5,389,0,,9.3842e+07
0,1302.6,385.6,0,,9.3842e+07
0,1304.5,386.1,0,,9.38421e+07
0,1304.7,385.7,0,,9.38421e+07
0,1304.7,385.7,0,,9.38421e+07
0,1307.5,383.5,0,,9.38421e+07
0,1306.5,389,0,,9.38421e+07
0,1306.3,391,0,,9.38421e+07
0,1300.8,395,0,,9.38422e+07
0,1334.4,385.5,0,,9.38422e+07
0,1394.8,377.4,0,,9.38422e+07
0,1405.7,376.6,0,,9.38422e+07
0,1414.2,377.1,0,,9.38422e+07
0,1436.7,379.2,0,,9.38422e+07
0,1436.7,379.2,0,,9.38422e+07
0,1464.9,379.3,0,,9.38423e+07
0,1463,378.1,0,,9.38423e+07
0,1452.7,389.7,0,,9.38423e+07
0,1453.2,388.3,0,,9.38423e+07
0,1461.5,383.4,0,,9.38423e+07
0,1463.6,381,0,,9.38424e+07
0,1464.8,380,0,,9.38424e+07
0,1472.5,377.2,0,,9.38424e+07
0,1472.5,377.2,0,,9.38424e+07
0,1473.8,376.7,0,,9.38424e+07
0,1473.8,377.2,0,,9.38424e+07
0,1464.2,386.1,0,,9.38425e+07
0,1461.9,387.9,0,,9.38425e+07
0,1455.5,390.6,0,,9.38425e+07
0,1455.4,391.6,0,,9.38425e+07
0,1455.7,392,0,,9.38425e+07
0,1455.7,392,0,,9.38425e+07
0,1455,393.6,0,,9.38426e+07
0,1456.7,395.5,0,,9.38426e+07
0,1460.7,396.2,0,,9.38426e+07
0,1460.2,394.7,0,,9.38426e+07
0,1460.2,393.7,0,,9.38426e+07
0,1461.3,393.6,0,,9.38426e+07
0,1464.7,391.1,0,,9.38427e+07
0,1465,391,0,,9.38427e+07
0,1464.2,391.7,0,,9.38427e+07
0,1464.2,391.7,0,,9.38427e+07
0,1464.1,392.3,0,,9.38427e+07
0,1459.9,391.4,0,,9.38427e+07
0,1457.2,390.4,0,,9.38428e+07
0,1451.2,389.4,0,,9.38428e+07
0,1451.3,388.5,0,,9.38428e+07
0,1444.5,387,0,,9.38428e+07
0,1442.4,386.2,0,,9.38428e+07
0,1441.9,386,0,,9.38428e+07
0,1441.9,386,0,,9.38428e+07
0,1451.3,382.5,0,,9.38429e+07
0,1451.9,380.2,0,,9.38429e+07
0,1454.6,381.5,0,,9.38429e+07
0,1455.5,388.5,0,,9.38429e+07
0,1456.3,390.4,0,,9.38429e+07
0,1458.6,391,0,,9.3843e+07
0,1458.8,391.4,0,,9.3843e+07
0,1458.5,386.1,0,,9.3843e+07
0,1458.5,386.1,0,,9.3843e+07
0,1460.4,391.5,0,,9.3843e+07
0,1460.3,388.2,0,,9.3843e+07
0,1460.6,386.7,0,,9.38431e+07
0,1460.3,392.5,0,,9.38431e+07
0,1460,393.9,0,,9.38431e+07
0,1451.7,398.4,0,,9.38431e+07
0,1426.7,400.7,0,,9.38431e+07
0,1401.1,398.3,0,,9.38431e+07
0,1401.1,398.3,0,,9.38431e+07
0,1150.7,367.2,0,,9.38432e+07
0,1105,365.3,0,,9.38432e+07
0,1075.2,362.8,0,,9.38432e+07
0,1059.5,362.5,0,,9.38432e+07
0,1056,364.8,0,,9.38432e+07
0,1057,363.2,0,,9.38433e+07
0,1058.3,363.5,0,,9.38433e+07
0,1060,364.1,0,,9.38433e+07
0,1060,364.1,0,,9.38433e+07
0,1061.9,364.8,0,,9.38433e+07
0,1083.1,364.3,0,,9.38433e+07
0,1398.3,358.7,0,,9.38434e+07
0,1409.8,358.3,0,,9.38434e+07
0,1414.3,358.2,0,,9.38434e+07
0,1422.5,359.1,0,,9.38434e+07
0,1423.4,360.4,0,,9.38434e+07
0,1427.9,364,0,,9.38434e+07
0,1427.9,364,0,,9.38434e+07
0,1425.9,364.4,0,,9.38435e+07
0,1429.6,360.4,0,,9.38435e+07
0,1433.9,363.7,0,,9.38435e+07
0,1433.9,363.7,0,,9.38435e+07
0,1433.9,363.7,0,,9.38435e+07
0,1448.1,366.8,0,,9.38436e+07
0,1421.5,369.3,0,,9.38436e+07
0,801.6,354.3,0,,9.38436e+07
0,801.6,354.3,0,,9.38436e+07
0,324.6,339.7,0,,9.38436e+07
0,325.4,342.1,0,,9.38436e+07
0,300.9,363.3,0,,9.38437e+07
0,289.4,366.4,0,,9.38437e+07
0,268.9,366.1,0,,9.38437e+07
0,271.7,368.6,0,,9.38437e+07
0,275.4,358.6,0,,9.38437e+07
0,272,353.9,0,,9.38437e+07
0,272,353.9,0,,9.38437e+07
0,270.5,352.7,0,,9.38438e+07
0,262.7,359.2,0,,9.38438e+07
0,268,361.8,0,,9.38438e+07
0,265,362.6,0,,9.38438e+07
0,266.1,361.9,0,,9.38438e+07
0,274.2,352.3,0,,9.38439e+07
0,271.5,353.7,0,,9.38439e+07
0,277.9,348.8,0,,9.38439e+07
0,277.9,348.8,0,,9.38439e+07
0,277.9,348.8,0,,9.38439e+07
0,277.9,348.8,0,,9.38439e+07
0,277.9,348.8,0,,9.38439e+07
0,277.9,348.8,0,,9.38439e+07
0,277.9,348.8,0,,9.38439e+07
0,277.9,348.8,0,,9.38439e+07
0,277.9,348.8,0,,9.38439e+07
0,414.1,385.7,0,,9.3844e+07
0,414.1,385.7,0,,9.3844e+07
0,557.6,289.3,0,,9.38441e+07
0,556.6,313.4,0,,9.38441e+07
0,550.6,349.4,0,,9.38441e+07
0,550.6,349.4,0,,9.38441e+07
0,550.3,354.8,0,,9.38441e+07
0,552.4,358,0,,9.38442e+07
0,538.5,366.1,0,,9.38442e+07
0,534.8,360.3,0,,9.38442e+07
0,534.8,360.3,0,,9.38442e+07
0,545.2,362.3,0,,9.38442e+07
0,561.8,365.7,0,,9.38442e+07
0,607.8,370,0,,9.38443e+07
0,607.8,370,0,,9.38443e+07
0,811.4,367.7,0,,9.38443e+07
0,843.2,367.4,0,,9.38443e+07
0,840,364.3,0,,9.38443e+07
0,905.4,358.6,0,,9.38443e+07
0,905.4,358.6,0,,9.38443e+07
0,907.9,356.2,0,,9.38444e+07
0,911,357.9,0,,9.38444e+07
0,909.2,357.3,0,,9.38444e+07
0,910,359.2,0,,9.38444e+07
0,907.2,359.6,0,,9.38444e+07
0,904.3,359,0,,9.38445e+07
0,904.1,359.1,0,,9.38445e+07
0,904.4,358.9,0,,9.38445e+07
0,904.4,358.9,0,,9.38445e+07
0,904.3,353.2,0,,9.38445e+07
0,905.9,348.2,0,,9.38445e+07
0,905.2,347.6,0,,9.38446e+07
0,901.6,350.7,0,,9.38446e+07
0,902,343.8,0,,9.38446e+07
0,909.5,331.8,0,,9.38446e+07
0,908.9,328.1,0,,9.38446e+07
0,912.2,327.2,0,,9.38446e+07
0,912.2,327.2,0,,9.38446e+07
0,917,332.7,0,,9.38447e+07
0,914.9,336.1,0,,9.38447e+07
0,915.3,334.9,0,,9.38447e+07
0,914.8,337,0,,9.38447e+07
0,909.8,341.5,0,,9.38447e+07
0,911.4,339.5,0,,9.38448e+07
0,908.7,339.1,0,,9.38448e+07
0,906.1,339,0,,9.38448e+07
0,906.1,339,0,,9.38448e+07
0,906.7,339.1,0,,9.38448e+07
0,915.6,337.8,0,,9.38448e+07
0,921.1,341.3,0,,9.38449e+07
0,940.7,342.9,0,,9.38449e+07
0,1186.8,392.1,0,,9.38449e+07
0,1222.5,373.5,0,,9.38449e+07
0,1222.8,378.6,0,,9.38449e+07
0,1254.7,371.6,0,,9.38449e+07
0,1254.7,371.6,0,,9.38449e+07
0,1285.2,359.6,0,,9.3845e+07
0,1291.5,360.5,0,,9.3845e+07
0,1289.5,359.3,0,,9.3845e+07
0,1289,348.2,0,,9.3845e+07
0,1252.8,345.4,0,,9.3845e+07
0,1252.8,345.4,0,,9.3845e+07
0,1252.8,345.4,0,,9.3845e+07
0,1269.8,344.8,0,,9.38451e+07
0,1269.8,344.8,0,,9.38451e+07
0,1278.1,345.2,0,,9.38451e+07
0,196.3,340.5,0,,9.38451e+07
0,151.8,334.3,0,,9.38452e+07
0,153.9,335.1,0,,9.38452e+07
0,147.8,318.6,0,,9.38452e+07
0,147.4,319.8,0,,9.38452e+07
0,145.3,326.5,0,,9.38452e+07
0,151.6,330.7,0,,9.38452e+07
0,151.6,330.7,0,,9.38452e+07
0,154.4,326.5,0,,9.38453e+07
0,174.5,342.7,0,,9.38453e+07
0,196.4,369.1,0,,9.38453e+07
0,218.3,385.6,0,,9.38453e+07
0,229.2,395.4,0,,9.38453e+07
0,224.6,394.3,0,,9.38454e+07
0,233,418.4,0,,9.38454e+07
0,224.5,412.5,0,,9.38454e+07
0,224.5,412.5,0,,9.38454e+07
0,198,402,0,,9.38454e+07
0,198,402,0,,9.38454e+07
0,231.2,380.1,0,,9.38455e+07
0,224.7,386.7,0,,9.38455e+07
0,224.7,386.7,0,,9.38455e+07
0,248.3,389.5,0,,9.38455e+07
0,257.9,391.8,0,,9.38455e+07
0,257.9,391.8,0,,9.38455e+07
0,275.6,399.3,0,,9.38456e+07
0,270.7,392.9,0,,9.38456e+07
0,286,398,0,,9.38456e+07
0,277.8,398.3,0,,9.38456e+07
0,292.3,399,0,,9.38456e+07
0,299.8,398.4,0,,9.38456e+07
0,308.5,394.6,0,,9.38457e+07
0,325.8,395.7,0,,9.38457e+07
0,338.6,395,0,,9.38457e+07
0,342.2,389.3,0,,9.38457e+07
0,342.2,389.3,0,,9.38457e+07
0,351.3,393.1,0,,9.38458e+07
0,365.4,397,0,,9.38458e+07
0,419.7,400.1,0,,9.38458e+07
0,414,398.9,0,,9.38458e+07
0,415.6,396.8,0,,9.38458e+07
0,442.4,397.2,0,,9.38458e+07
0,442.4,397.2,0,,9.38458e+07
0,449.1,394.2,0,,9.38459e+07
0,450.2,392.6,0,,9.38459e+07
0,450,389.2,0,,9.38459e+07
0,446.9,383.8,0,,9.38459e+07
0,445.5,381.6,0,,9.38459e+07
0,441.3,377.5,0,,9.3846e+07
0,442.2,378.5,0,,9.3846e+07
0,443.2,378.8,0,,9.3846e+07
0,443.2,378.8,0,,9.3846e+07
0,433.4,366.2,0,,9.3846e+07
0,431.8,363.7,0,,9.38460e+07
0,431.1,360.9,0,,9.38461e+07
0,434.5,360.1,0,,9.38461e+07
0,448.5,360,0,,9.38461e+07
0,456.2,360.3,0,,9.38461e+07
0,523.2,348.5,0,,9.38461e+07
0,530.4,348.3,0,,9.38461e+07
0,530.4,348.3,0,,9.38461e+07
0,566.1,342.4,0,,9.38462e+07
0,573.5,344.7,0,,9.38462e+07
0,576,345.2,0,,9.38462e+07
0,580.7,348.2,0,,9.38462e+07
0,576.9,346.3,0,,9.38462e+07
0,563.3,344.1,0,,9.38464e+07
0,563.3,344.1,0,,9.38464e+07
0,568.7,342.4,0,,9.38464e+07
0,576.9,341.4,0,,9.38464e+07
0,576.9,341.4,0,,9.38464e+07
0,619.8,322.1,0,,9.38465e+07
0,618.9,327.9,0,,9.38465e+07
0,630.6,325.7,0,,9.38465e+07
0,639.7,322.3,0,,9.38465e+07
0,649.4,330.9,0,,9.38465e+07
0,644.3,335.5,0,,9.38466e+07
0,647.2,342.9,0,,9.38466e+07
0,659.6,343.3,0,,9.38466e+07
0,662.2,346.7,0,,9.38466e+07
0,665.9,343.2,0,,9.38466e+07
0,660.9,341.6,0,,9.38467e+07
0,664.3,342.5,0,,9.38467e+07
0,663.2,340,0,,9.38467e+07
0,658.7,341.8,0,,9.38467e+07
0,655.8,343.6,0,,9.38467e+07
0,655.6,346.7,0,,9.38467e+07
0,656.9,352,0,,9.38467e+07
0,657.3,351.5,0,,9.38468e+07
0,657.8,351.1,0,,9.38468e+07
0,661,346.8,0,,9.38468e+07
0,666.2,346.1,0,,9.38468e+07
0,668.8,344.7,0,,9.38468e+07
0,669.9,340.8,0,,9.38468e+07
0,691.6,342.2,0,,9.38469e+07
0,837.7,359.3,0,,9.38469e+07
0,845,359.8,0,,9.38469e+07
0,845,359.8,0,,9.38469e+07
0,876.9,358.9,0,,9.38469e+07
0,900.8,337.8,0,,9.3847e+07
0,887.3,345.7,0,,9.3847e+07
0,898,345.5,0,,9.3847e+07
0,914.7,344,0,,9.3847e+07
0,914.7,344,0,,9.3847e+07
0,914.7,344,0,,9.3847e+07
0,914.7,344,0,,9.3847e+07
0,914.7,344,0,,9.3847e+07
0,914.7,344,0,,9.3847e+07
0,914.7,344,0,,9.3847e+07
0,914.7,344,0,,9.3847e+07
0,1248.6,481.7,0,,9.38471e+07
0,1196.9,743.1,0,,9.38471e+07
0,1195.4,664.1,0,,9.38472e+07
0,1154.1,431.2,0,,9.38472e+07
0,1154.1,431.2,0,,9.38472e+07
0,1144.4,403.6,0,,9.38472e+07
0,1131.8,380.1,0,,9.38472e+07
0,1124.8,370.3,0,,9.38472e+07
0,1127.6,373.4,0,,9.38473e+07
0,1132.4,383,0,,9.38473e+07
0,1129.6,378.5,0,,9.38473e+07
0,1131.1,380.4,0,,9.38473e+07
0,1130.9,375.3,0,,9.38473e+07
0,1131,373.3,0,,9.38473e+07
0,1132.1,371.9,0,,9.38474e+07
0,1134.6,375.1,0,,9.38474e+07
0,1132,378.6,0,,9.38474e+07
0,1131.9,379.9,0,,9.38474e+07
0,1130,371,0,,9.38474e+07
0,1133,372.4,0,,9.38474e+07
0,1133,371.2,0,,9.38475e+07
0,1132.2,373.5,0,,9.38475e+07
0,1132.2,373.5,0,,9.38475e+07
0,1132.2,373.5,0,,9.38475e+07
0,1132.2,373.5,0,,9.38475e+07
0,1132.2,373.5,0,,9.38475e+07
0,1132.2,373.5,0,,9.38475e+07
0,1132.2,373.5,0,,9.38475e+07
0,1132.2,373.5,0,,9.38475e+07
0,1132.2,373.5,0,,9.38475e+07
0,1401.1,465.9,0,,9.38476e+07
0,1401.1,465.9,0,,9.38476e+07
0,1397.6,450.9,0,,9.38477e+07
0,1413.1,415.3,0,,9.38477e+07
0,1416.3,400.8,0,,9.38477e+07
0,1427.7,382.4,0,,9.38477e+07
0,1436.1,381.7,0,,9.38477e+07
0,1438,377.7,0,,9.38477e+07
0,1438,379.4,0,,9.38478e+07
0,1438,379.2,0,,9.38478e+07
0,1432.7,379.7,0,,9.38478e+07
0,1432.8,380.4,0,,9.38478e+07
0,1432,378.7,0,,9.38478e+07
0,1433.9,379.9,0,,9.38478e+07
0,1435.3,380.6,0,,9.38479e+07
0,1432.1,381.1,0,,9.38479e+07
0,1429.4,379.5,0,,9.38479e+07
0,1428,382.4,0,,9.38479e+07
0,1426.5,387.6,0,,9.38479e+07
0,1421.3,402.5,0,,9.38479e+07
0,1420.5,396.5,0,,9.3848e+07
0,1422.3,394.3,0,,9.3848e+07
0,1427.3,392.4,0,,9.3848e+07
0,1432.2,395.1,0,,9.3848e+07
0,1430,394.9,0,,9.3848e+07
0,1426.2,394.9,0,,9.3848e+07
0,1426.6,394.5,0,,9.38481e+07
0,1432.6,394.3,0,,9.38481e+07
0,1431.5,392.4,0,,9.38481e+07
0,1432.1,367.5,0,,9.38481e+07
0,1432.1,367.5,0,,9.38481e+07
0,1190.9,367.5,0,,9.38482e+07
0,1075.4,372.4,0,,9.38482e+07
0,1008,377,0,,9.38482e+07
0,946.1,381.9,0,,9.38482e+07
0,949,380.8,0,,9.38482e+07
0,958.2,382.2,0,,9.38482e+07
0,958.2,382.2,0,,9.38482e+07
0,954.9,364.1,0,,9.38483e+07
0,955.4,366.3,0,,9.38483e+07
0,955.4,366.3,0,,9.38483e+07
0,948.3,368.1,0,,9.38483e+07
0,917.3,366.9,0,,9.38483e+07
0,806.5,407.2,0,,9.38483e+07
0,714.9,388.9,0,,9.38484e+07
0,714.9,388.9,0,,9.38484e+07
0,714.9,388.9,0,,9.38484e+07
0,714.9,388.9,0,,9.38484e+07
0,591.5,382.7,0,,9.38484e+07
0,590.2,387.4,0,,9.38484e+07
0,579.4,385.4,0,,9.38485e+07
0,579.4,377.3,0,,9.38485e+07
0,579,377.4,0,,9.38485e+07
0,578.7,377.5,0,,9.38485e+07
0,583.4,384.9,0,,9.38485e+07
0,583.4,384.9,0,,9.38485e+07
0,599.3,393.6,0,,9.38486e+07
0,597.9,393.9,0,,9.38486e+07
0,594.2,392.6,0,,9.38486e+07
0,600.8,391.3,0,,9.38486e+07
0,606.5,388.2,0,,9.38486e+07
0,628.9,371.7,0,,9.38486e+07
0,785.3,341.6,0,,9.38487e+07
0,814.9,338.6,0,,9.38487e+07
0,814.9,338.6,0,,9.38487e+07
0,846.6,332.7,0,,9.38487e+07
0,834.1,343.4,0,,9.38487e+07
0,829.2,381.7,0,,9.38488e+07
0,828.9,374.7,0,,9.38488e+07
0,826.6,374,0,,9.38488e+07
0,829.1,372.4,0,,9.38488e+07
0,829.8,372.1,0,,9.38488e+07
0,828,378.9,0,,9.38488e+07
0,828.5,377.2,0,,9.38488e+07
0,827.2,368.9,0,,9.38489e+07
0,828.6,370,0,,9.38489e+07
0,828.6,370,0,,9.38489e+07
0,823,407.8,0,,9.38489e+07
0,824.1,403,0,,9.38489e+07
0,824.1,403,0,,9.38489e+07
0,825.9,431.4,0,,9.3849e+07
0,834.2,442.3,0,,9.3849e+07
0,834.2,442.3,0,,9.3849e+07
0,809.3,447.4,0,,9.3849e+07
0,797.2,442.2,0,,9.3849e+07
0,790.8,439.1,0,,9.38490e+07
0,783.3,445.6,0,,9.38491e+07
0,783.3,445.6,0,,9.38491e+07
0,783.3,445.6,0,,9.38491e+07
0,783.3,445.6,0,,9.38491e+07
0,782,436.8,0,,9.38491e+07
0,782,436.8,0,,9.38491e+07
0,791.8,460.4,0,,9.38492e+07
0,792.1,475.2,0,,9.38492e+07
0,792.1,475.2,0,,9.38492e+07
0,792.1,475.2,0,,9.38492e+07
0,794.3,507.5,0,,9.38492e+07
0,794.3,507.5,0,,9.38492e+07
0,805.4,532.1,0,,9.38493e+07
0,805.4,532.1,0,,9.38493e+07
0,805.4,532.1,0,,9.38493e+07
0,805.4,532.1,0,,9.38493e+07
0,805.4,532.1,0,,9.38493e+07
0,805.4,532.1,0,,9.38493e+07
0,800.9,555.3,0,,9.38494e+07
0,800.9,555.3,0,,9.38494e+07
0,838.2,469.4,0,,9.38494e+07
0,838.2,469.4,0,,9.38494e+07
0,838.2,469.4,0,,9.38494e+07
0,838.2,469.4,0,,9.38494e+07
0,838.2,469.4,0,,9.38494e+07
0,838.2,469.4,0,,9.38494e+07
0,769.1,428.4,0,,9.38495e+07
0,769.1,428.4,0,,9.38495e+07
0,769.1,428.4,0,,9.38495e+07
0,769.1,428.4,0,,9.38495e+07
0,769.1,428.4,0,,9.38495e+07
0,769.1,428.4,0,,9.38495e+07
0,769.1,428.4,0,,9.38495e+07
0,769.1,428.4,0,,9.38495e+07
0,1257.1,393.9,0,,9.38496e+07
0,1320.3,333.9,0,,9.38497e+07
0,1317.4,345.3,0,,9.38497e+07
0,1288.6,381,0,,9.38497e+07
0,1300,391.8,0,,9.38497e+07
0,1323.3,377.1,0,,9.38497e+07
0,1325.1,378.8,0,,9.38497e+07
0,1325.1,378.8,0,,9.38497e+07
0,1314.6,386.1,0,,9.38498e+07
0,1306.9,377.3,0,,9.38498e+07
0,1306.9,377.3,0,,9.38498e+07
0,1297.4,371.8,0,,9.38498e+07
0,1291,374.2,0,,9.38498e+07
0,1303.4,396.2,0,,9.38499e+07
0,1302.2,399.4,0,,9.38499e+07
0,1300.9,401.3,0,,9.38499e+07
0,1300.9,401.3,0,,9.38499e+07
0,1300.9,401.3,0,,9.38499e+07
0,1300.9,401.3,0,,9.38499e+07
0,1300.9,401.3,0,,9.38499e+07
0,1300.9,401.3,0,,9.38499e+07
0,1300.9,401.3,0,,9.38499e+07
0,1300.9,401.3,0,,9.38499e+07
0,1300.9,401.3,0,,9.38499e+07
0,1300.9,401.3,0,,9.38499e+07
0,1300.9,401.3,0,,9.38499e+07
0,1300.9,401.3,0,,9.38499e+07
0,1300.9,401.3,0,,9.38499e+07
0,1300.9,401.3,0,,9.38499e+07
0,1300.9,401.3,0,,9.38499e+07
0,1300.9,401.3,0,,9.38499e+07
0,1300.9,401.3,0,,9.38499e+07
0,1300.9,401.3,0,,9.38499e+07
0,1300.9,401.3,0,,9.38499e+07
0,1300.9,401.3,0,,9.38499e+07
0,1300.9,401.3,0,,9.38499e+07
0,1300.9,401.3,0,,9.38499e+07
0,1300.9,401.3,0,,9.38499e+07
0,1300.9,401.3,0,,9.38499e+07
0,1300.9,401.3,0,,9.38499e+07
0,1300.9,401.3,0,,9.38499e+07
0,1300.9,401.3,0,,9.38499e+07
0,1300.9,401.3,0,,9.38499e+07
0,1300.9,401.3,0,,9.38499e+07
0,1300.9,401.3,0,,9.38499e+07
0,1300.9,401.3,0,,9.38499e+07
0,1300.9,401.3,0,,9.38499e+07
0,1300.9,401.3,0,,9.38499e+07
0,1300.9,401.3,0,,9.38499e+07
0,1300.9,401.3,0,,9.38499e+07
0,1300.9,401.3,0,,9.38499e+07
0,1300.9,401.3,0,,9.38499e+07
0,1300.9,401.3,0,,9.38499e+07
0,1300.9,401.3,0,,9.38499e+07
0,1300.9,401.3,0,,9.38499e+07
0,1300.9,401.3,0,,9.38499e+07
0,1300.9,401.3,0,,9.38499e+07
0,1300.9,401.3,0,,9.38499e+07
0,1300.9,401.3,0,,9.38499e+07
0,1300.9,401.3,0,,9.38499e+07
0,1300.9,401.3,0,,9.38499e+07
0,1300.9,401.3,0,,9.38499e+07
0,1300.9,401.3,0,,9.38499e+07
0,1300.9,401.3,0,,9.38499e+07
0,1300.9,401.3,0,,9.38499e+07
0,1300.9,401.3,0,,9.38499e+07
0,1300.9,401.3,0,,9.38499e+07
0,1300.9,401.3,0,,9.38499e+07
0,1300.9,401.3,0,,9.38499e+07
0,1300.9,401.3,0,,9.38499e+07
0,1300.9,401.3,0,,9.38499e+07
0,1300.9,401.3,0,,9.38499e+07
0,1300.9,401.3,0,,9.38499e+07
0,1300.9,401.3,0,,9.38499e+07
0,1300.9,401.3,0,,9.38499e+07
0,1300.9,401.3,0,,9.38499e+07
0,1300.9,401.3,0,,9.38499e+07
0,1300.9,401.3,0,,9.38499e+07
0,1300.9,401.3,0,,9.38499e+07
0,1300.9,401.3,0,,9.38499e+07
0,1300.9,401.3,0,,9.38499e+07
0,1300.9,401.3,0,,9.38499e+07
0,1300.9,401.3,0,,9.38499e+07
0,1300.9,401.3,0,,9.38499e+07
0,1300.9,401.3,0,,9.38499e+07
0,1300.9,401.3,0,,9.38499e+07
0,1300.9,401.3,0,,9.38499e+07
0,1300.9,401.3,0,,9.38499e+07
0,1300.9,401.3,0,,9.38499e+07
0,1300.9,401.3,0,,9.38499e+07
0,1300.9,401.3,0,,9.38499e+07
0,1300.9,401.3,0,,9.38499e+07
0,1300.9,401.3,0,,9.38499e+07
0,1300.9,401.3,0,,9.38499e+07
0,1300.9,401.3,0,,9.38499e+07
0,1300.9,401.3,0,,9.38499e+07
0,1300.9,401.3,0,,9.38499e+07
0,1300.9,401.3,0,,9.38499e+07
0,889.2,417.1,0,,9.38513e+07
0,892.6,417.9,0,,9.38513e+07
0,893.9,419.5,0,,9.38513e+07
0,893.9,420,0,,9.38513e+07
0,892.9,405,0,,9.38513e+07
0,882.1,402.6,0,,9.38514e+07
0,885.5,402.2,0,,9.38514e+07
0,885.5,402.2,0,,9.38514e+07
0,881.4,396.2,0,,9.38514e+07
0,895.7,397.9,0,,9.38514e+07
0,899.6,397.3,0,,9.38514e+07
0,899.9,395.9,0,,9.38514e+07
0,899.9,396.1,0,,9.38515e+07
0,903,400.2,0,,9.38515e+07
0,910,418.5,0,,9.38515e+07
0,902.2,404.8,0,,9.38515e+07
0,915.4,415.7,0,,9.38515e+07
0,915.4,415.7,0,,9.38515e+07
0,918.5,418.8,0,,9.38516e+07
0,907.5,402.8,0,,9.38516e+07
0,900.3,395.5,0,,9.38516e+07
0,895.1,395.6,0,,9.38516e+07
0,898.2,401,0,,9.38516e+07
0,898.7,401.5,0,,9.38517e+07
0,899.6,400.1,0,,9.38517e+07
0,900.1,399.8,0,,9.38517e+07
0,900.1,399.8,0,,9.38517e+07
0,902.8,396.7,0,,9.38517e+07
0,903.2,397.3,0,,9.38517e+07
0,903.2,397.3,0,,9.38517e+07
0,905,400.9,0,,9.38518e+07
0,955.3,450.8,0,,9.38518e+07
0,1262.9,412.5,0,,9.38518e+07
0,1302.3,388.8,0,,9.38518e+07
0,1307.9,389,0,,9.38518e+07
0,1307.9,389,0,,9.38518e+07
0,1331.6,380.8,0,,9.38519e+07
0,1330.6,374.2,0,,9.38519e+07
0,1324,369.3,0,,9.38519e+07
0,1322.7,369.8,0,,9.38519e+07
0,1324.8,373.1,0,,9.38519e+07
0,1334.4,375.3,0,,9.3852e+07
0,1336,371.1,0,,9.3852e+07
0,1337.9,373.6,0,,9.3852e+07
0,1337.9,373.6,0,,9.3852e+07
0,1341.8,375.6,0,,9.3852e+07
0,1341.3,375.1,0,,9.3852e+07
0,1341.8,374.5,0,,9.3852e+07
0,1338.4,374.5,0,,9.38521e+07
0,1338.4,374.5,0,,9.38521e+07
0,1338.1,375.2,0,,9.38521e+07
0,1342.8,373.4,0,,9.38521e+07
0,1340,376.5,0,,9.38521e+07
0,1340,376.5,0,,9.38521e+07
0,1339.2,377,0,,9.38522e+07
0,1335,378,0,,9.38522e+07
0,1333.3,380.5,0,,9.38522e+07
0,1333.2,380.8,0,,9.38522e+07
0,1331.9,380.4,0,,9.38522e+07
0,1330.9,381.3,0,,9.38523e+07
0,1330.7,381.8,0,,9.38523e+07
0,1329.3,382.6,0,,9.38523e+07
0,1329.3,382.6,0,,9.38523e+07
0,1328.8,384.9,0,,9.38523e+07
0,1337,385.2,0,,9.38523e+07
0,1350.4,383.7,0,,9.38523e+07
0,1433.5,396.2,0,,9.38524e+07
0,1484,415.8,0,,9.38524e+07
0,1491.2,420.7,0,,9.38524e+07
0,1511.1,441.1,0,,9.38524e+07
0,1517,442.7,0,,9.38524e+07
0,1517,442.7,0,,9.38524e+07
0,1513.8,441.1,0,,9.38525e+07
0,1513,438.4,0,,9.38525e+07
0,1514,439.1,0,,9.38525e+07
0,1520.2,441.9,0,,9.38525e+07
0,1538.2,446.9,0,,9.38525e+07
0,1789.9,551,0,,9.38526e+07
0,1891.2,574.6,0,,9.38526e+07
0,1891.2,574.6,0,,9.38526e+07
0,1891.2,574.6,0,,9.38526e+07
0,1891.2,574.6,0,,9.38526e+07
0,1891.2,574.6,0,,9.38526e+07
0,2140.1,611,0,,9.38527e+07
0,2140.1,611,0,,9.38527e+07
0,2140.1,611,0,,9.38527e+07
0,2140.1,611,0,,9.38527e+07
0,2140.1,611,0,,9.38527e+07
0,2140.1,611,0,,9.38527e+07
0,2140.1,611,0,,9.38527e+07
0,2140.1,611,0,,9.38527e+07
0,2140.1,611,0,,9.38527e+07
0,2140.1,611,0,,9.38527e+07
0,2140.1,611,0,,9.38527e+07
0,2140.1,611,0,,9.38527e+07
0,2140.1,611,0,,9.38527e+07
0,2140.1,611,0,,9.38527e+07
0,2140.1,611,0,,9.38527e+07
0,2140.1,611,0,,9.38527e+07
0,2140.1,611,0,,9.38527e+07
0,2140.1,611,0,,9.38527e+07
0,2140.1,611,0,,9.38527e+07
0,2140.1,611,0,,9.38527e+07
0,2140.1,611,0,,9.38527e+07
0,2140.1,611,0,,9.38527e+07
0,2140.1,611,0,,9.38527e+07
0,2140.1,611,0,,9.38527e+07
0,2140.1,611,0,,9.38527e+07
0,2140.1,611,0,,9.38527e+07
0,2140.1,611,0,,9.38527e+07
0,2140.1,611,0,,9.38527e+07
0,2140.1,611,0,,9.38527e+07
0,2140.1,611,0,,9.38527e+07
0,2140.1,611,0,,9.38527e+07
0,2140.1,611,0,,9.38527e+07
0,2140.1,611,0,,9.38527e+07
0,2140.1,611,0,,9.38527e+07
0,2140.1,611,0,,9.38527e+07
0,2140.1,611,0,,9.38527e+07
0,2140.1,611,0,,9.38527e+07
0,2140.1,611,0,,9.38527e+07
0,2140.1,611,0,,9.38527e+07
0,2140.1,611,0,,9.38527e+07
0,2140.1,611,0,,9.38527e+07
0,2140.1,611,0,,9.38527e+07
0,2140.1,611,0,,9.38527e+07
0,2140.1,611,0,,9.38527e+07
0,2140.1,611,0,,9.38527e+07
0,2140.1,611,0,,9.38527e+07
0,2140.1,611,0,,9.38527e+07
0,2140.1,611,0,,9.38527e+07
0,2140.1,611,0,,9.38527e+07
0,2140.1,611,0,,9.38527e+07
0,2140.1,611,0,,9.38527e+07
0,2140.1,611,0,,9.38527e+07
0,2140.1,611,0,,9.38527e+07
0,2140.1,611,0,,9.38527e+07
0,2140.1,611,0,,9.38527e+07
0,2140.1,611,0,,9.38527e+07
0,2140.1,611,0,,9.38527e+07
0,2140.1,611,0,,9.38527e+07
0,2140.1,611,0,,9.38527e+07
0,2140.1,611,0,,9.38527e+07
0,2140.1,611,0,,9.38527e+07
0,2140.1,611,0,,9.38527e+07
0,2140.1,611,0,,9.38527e+07
0,2140.1,611,0,,9.38527e+07
0,2140.1,611,0,,9.38527e+07
0,2140.1,611,0,,9.38527e+07
0,2140.1,611,0,,9.38527e+07
0,2140.1,611,0,,9.38527e+07
0,2140.1,611,0,,9.38527e+07
0,2140.1,611,0,,9.38527e+07
0,2140.1,611,0,,9.38527e+07
0,2140.1,611,0,,9.38527e+07
0,2140.1,611,0,,9.38527e+07
0,2140.1,611,0,,9.38527e+07
0,2140.1,611,0,,9.38527e+07
0,2140.1,611,0,,9.38527e+07
0,2140.1,611,0,,9.38527e+07
0,2140.1,611,0,,9.38527e+07
0,2140.1,611,0,,9.38527e+07
0,2140.1,611,0,,9.38527e+07
0,2140.1,611,0,,9.38527e+07
0,2140.1,611,0,,9.38527e+07
0,2140.1,611,0,,9.38527e+07
0,2140.1,611,0,,9.38527e+07
0,2140.1,611,0,,9.38527e+07
0,2140.1,611,0,,9.38527e+07
0,2140.1,611,0,,9.38527e+07
0,2140.1,611,0,,9.38527e+07
0,2140.1,611,0,,9.38527e+07
0,2140.1,611,0,,9.38527e+07
0,2140.1,611,0,,9.38527e+07
0,2140.1,611,0,,9.38527e+07
0,2140.1,611,0,,9.38527e+07
0,2140.1,611,0,,9.38527e+07
0,2140.1,611,0,,9.38527e+07
0,2140.1,611,0,,9.38527e+07
0,2140.1,611,0,,9.38527e+07
0,2140.1,611,0,,9.38527e+07
0,2140.1,611,0,,9.38527e+07
0,2140.1,611,0,,9.38527e+07
0,2140.1,611,0,,9.38527e+07
0,2140.1,611,0,,9.38527e+07
0,2140.1,611,0,,9.38527e+07
0,2140.1,611,0,,9.38527e+07
0,2140.1,611,0,,9.38527e+07
0,2140.1,611,0,,9.38527e+07
0,2140.1,611,0,,9.38527e+07
0,2140.1,611,0,,9.38527e+07
0,2140.1,611,0,,9.38527e+07
0,2140.1,611,0,,9.38527e+07
0,2140.1,611,0,,9.38527e+07
0,2140.1,611,0,,9.38527e+07
0,2140.1,611,0,,9.38527e+07
0,2140.1,611,0,,9.38527e+07
0,2140.1,611,0,,9.38527e+07
0,2140.1,611,0,,9.38527e+07
0,2140.1,611,0,,9.38527e+07
0,2140.1,611,0,,9.38527e+07
0,2140.1,611,0,,9.38527e+07
0,2140.1,611,0,,9.38527e+07
0,2140.1,611,0,,9.38527e+07
0,2140.1,611,0,,9.38527e+07
0,2140.1,611,0,,9.38527e+07
0,2140.1,611,0,,9.38527e+07
0,2140.1,611,0,,9.38527e+07
0,2140.1,611,0,,9.38527e+07
0,2140.1,611,0,,9.38527e+07
0,2140.1,611,0,,9.38527e+07
0,2140.1,611,0,,9.38527e+07
0,2140.1,611,0,,9.38527e+07
0,2140.1,611,0,,9.38527e+07
0,2140.1,611,0,,9.38527e+07
0,2140.1,611,0,,9.38527e+07
0,2140.1,611,0,,9.38527e+07
0,2140.1,611,0,,9.38527e+07
0,2140.1,611,0,,9.38527e+07
0,2140.1,611,0,,9.38527e+07
0,2140.1,611,0,,9.38527e+07
0,2140.1,611,0,,9.38527e+07
0,2140.1,611,0,,9.38527e+07
0,2140.1,611,0,,9.38527e+07
0,2140.1,611,0,,9.38527e+07
0,2140.1,611,0,,9.38527e+07
0,2140.1,611,0,,9.38527e+07
