page,x,y,word,word_index,timestamp
0,1920,0,0,,0
0,1020.4,320.2,0,,1.9429e+06
0,1020.4,320.2,0,,1.9429e+06
0,1020.4,320.2,0,,1.9429e+06
0,1015.7,315,0,,1.94292e+06
0,1007.9,315,0,,1.94293e+06
0,1026,309.5,0,,1.94294e+06
0,1026,309.5,0,,1.94294e+06
0,1026,309.5,0,,1.94294e+06
0,1026,309.5,0,,1.94294e+06
0,1026,309.5,0,,1.94294e+06
0,1026,309.5,0,,1.94294e+06
0,1026,309.5,0,,1.94294e+06
0,1026,309.5,0,,1.94294e+06
0,1026,309.5,0,,1.94294e+06
0,1026,309.5,0,,1.94294e+06
0,1026,309.5,0,,1.94294e+06
0,1026,309.5,0,,1.94294e+06
0,1026,309.5,0,,1.94294e+06
0,1026,309.5,0,,1.94294e+06
0,1026,309.5,0,,1.94294e+06
0,1026,309.5,0,,1.94294e+06
0,1026,309.5,0,,1.94294e+06
0,1026,309.5,0,,1.94294e+06
0,1026,309.5,0,,1.94294e+06
0,1026,309.5,0,,1.94294e+06
0,1026,309.5,0,,1.94294e+06
0,1026,309.5,0,,1.94294e+06
0,1026,309.5,0,,1.94294e+06
0,1026,309.5,0,,1.94294e+06
0,1026,309.5,0,,1.94294e+06
0,1026,309.5,0,,1.94294e+06
0,1026,309.5,0,,1.94294e+06
0,1026,309.5,0,,1.94294e+06
0,1026,309.5,0,,1.94294e+06
0,1026,309.5,0,,1.94294e+06
0,1026,309.5,0,,1.94294e+06
0,1026,309.5,0,,1.94294e+06
0,1026,309.5,0,,1.94294e+06
0,1026,309.5,0,,1.94294e+06
0,1026,309.5,0,,1.94294e+06
0,1026,309.5,0,,1.94294e+06
0,1026,309.5,0,,1.94294e+06
0,1026,309.5,0,,1.94294e+06
0,1026,309.5,0,,1.94294e+06
0,1026,309.5,0,,1.94294e+06
0,1026,309.5,0,,1.94294e+06
0,1026,309.5,0,,1.94294e+06
0,1026,309.5,0,,1.94294e+06
0,1026,309.5,0,,1.94294e+06
0,1026,309.5,0,,1.94294e+06
0,1026,309.5,0,,1.94294e+06
0,1026,309.5,0,,1.94294e+06
0,1026,309.5,0,,1.94294e+06
0,1026,309.5,0,,1.94294e+06
0,1026,309.5,0,,1.94294e+06
0,1026,309.5,0,,1.94294e+06
0,1026,309.5,0,,1.94294e+06
0,1026,309.5,0,,1.94294e+06
0,1026,309.5,0,,1.94294e+06
0,1026,309.5,0,,1.94294e+06
0,1026,309.5,0,,1.94294e+06
0,1026,309.5,0,,1.94294e+06
0,1026,309.5,0,,1.94294e+06
0,1026,309.5,0,,1.94294e+06
0,1026,309.5,0,,1.94294e+06
0,1026,309.5,0,,1.94294e+06
0,1026,309.5,0,,1.94294e+06
0,1026,309.5,0,,1.94294e+06
0,1026,309.5,0,,1.94294e+06
0,1026,309.5,0,,1.94294e+06
0,1026,309.5,0,,1.94294e+06
0,1026,309.5,0,,1.94294e+06
0,1026,309.5,0,,1.94294e+06
1,1026,309.5,0,,1.94294e+06
1,1026,309.5,0,,1.94294e+06
1,1026,309.5,0,,1.94294e+06
1,1026,309.5,0,,1.94294e+06
1,1026,309.5,0,,1.94294e+06
1,1026,309.5,0,,1.94294e+06
1,1026,309.5,0,,1.94294e+06
1,1026,309.5,0,,1.94294e+06
1,1026,309.5,0,,1.94294e+06
1,1026,309.5,0,,1.94294e+06
1,1026,309.5,0,,1.94294e+06
1,1026,309.5,0,,1.94294e+06
1,1026,309.5,0,,1.94294e+06
1,1026,309.5,0,,1.94294e+06
1,1026,309.5,0,,1.94294e+06
1,1026,309.5,0,,1.94294e+06
1,1026,309.5,0,,1.94294e+06
1,1026,309.5,0,,1.94294e+06
1,1026,309.5,0,,1.94294e+06
1,1026,309.5,0,,1.94294e+06
1,1026,309.5,0,,1.94294e+06
1,1026,309.5,0,,1.94294e+06
1,1026,309.5,0,,1.94294e+06
1,1026,309.5,0,,1.94294e+06
1,1026,309.5,0,,1.94294e+06
1,1026,309.5,0,,1.94294e+06
1,1026,309.5,0,,1.94294e+06
1,1026,309.5,0,,1.94294e+06
1,1026,309.5,0,,1.94294e+06
1,1026,309.5,0,,1.94294e+06
1,1026,309.5,0,,1.94294e+06
1,1026,309.5,0,,1.94294e+06
1,1026,309.5,0,,1.94294e+06
1,1026,309.5,0,,1.94294e+06
1,1026,309.5,0,,1.94294e+06
1,1026,309.5,0,,1.94294e+06
1,1026,309.5,0,,1.94294e+06
1,1026,309.5,0,,1.94294e+06
1,1026,309.5,0,,1.94294e+06
1,1026,309.5,0,,1.94294e+06
1,1026,309.5,0,,1.94294e+06
1,1257,505.9,0,,1.94475e+06
1,1257,505.9,0,,1.94475e+06
1,1257,505.9,0,,1.94475e+06
1,1257,505.9,0,,1.94475e+06
1,1257,505.9,0,,1.94475e+06
1,1257,505.9,0,,1.94475e+06
1,1257,505.9,0,,1.94475e+06
1,1257,505.9,0,,1.94475e+06
1,1257,505.9,0,,1.94475e+06
1,1257,505.9,0,,1.94475e+06
1,1257,505.9,0,,1.94475e+06
1,1257,505.9,0,,1.94475e+06
1,1257,505.9,0,,1.94475e+06
1,1257,505.9,0,,1.94475e+06
1,1257,505.9,0,,1.94475e+06
1,1257,505.9,0,,1.94475e+06
1,1257,505.9,0,,1.94475e+06
1,1257,505.9,0,,1.94475e+06
1,1257,505.9,0,,1.94475e+06
1,1257,505.9,0,,1.94475e+06
1,1257,505.9,0,,1.94475e+06
1,1624.8,409.6,0,,1.94511e+06
1,1515.2,337.4,0,,1.94513e+06
1,1515.2,337.4,0,,1.94513e+06
1,1426.7,338.9,0,,1.94516e+06
1,1426.7,338.9,0,,1.94516e+06
1,1426.7,338.9,0,,1.94516e+06
1,1426.7,338.9,0,,1.94516e+06
1,1426.7,338.9,0,,1.94516e+06
1,1426.7,338.9,0,,1.94516e+06
1,1426.7,338.9,0,,1.94516e+06
1,1426.7,338.9,0,,1.94516e+06
1,1426.7,338.9,0,,1.94516e+06
1,1426.7,338.9,0,,1.94516e+06
1,1426.7,338.9,0,,1.94516e+06
1,1426.7,338.9,0,,1.94516e+06
1,1426.7,338.9,0,,1.94516e+06
1,1426.7,338.9,0,,1.94516e+06
1,1426.7,338.9,0,,1.94516e+06
1,1426.7,338.9,0,,1.94516e+06
1,1426.7,338.9,0,,1.94516e+06
1,1426.7,338.9,0,,1.94516e+06
1,1426.7,338.9,0,,1.94516e+06
1,1426.7,338.9,0,,1.94516e+06
1,1426.7,338.9,0,,1.94516e+06
1,1426.7,338.9,0,,1.94516e+06
1,1426.7,338.9,0,,1.94516e+06
1,1426.7,338.9,0,,1.94516e+06
1,1426.7,338.9,0,,1.94516e+06
1,1426.7,338.9,0,,1.94516e+06
1,1426.7,338.9,0,,1.94516e+06
1,1426.7,338.9,0,,1.94516e+06
1,1426.7,338.9,0,,1.94516e+06
1,1426.7,338.9,0,,1.94516e+06
1,1426.7,338.9,0,,1.94516e+06
1,1002.4,535.6,0,,1.9456e+06
1,1043.1,514.2,0,,1.94569e+06
1,1105.5,516.9,0,,1.94571e+06
1,1192.6,503.8,0,,1.94572e+06
1,1278.1,493.3,0,,1.94575e+06
1,1286.5,480.6,0,,1.94576e+06
1,1288.2,477.6,0,,1.94578e+06
1,1285.5,484.8,0,,1.94579e+06
1,1285.5,484.8,0,,1.94579e+06
1,1285.5,490,0,,1.94584e+06
1,1290,485.5,0,,1.94585e+06
1,1287.4,489.9,0,,1.94587e+06
1,1287.4,489.9,0,,1.94587e+06
1,1277.1,494.1,0,,1.9459e+06
1,1285.8,487.3,0,,1.94591e+06
1,1285.8,487.3,0,,1.94591e+06
1,1283.4,477.7,0,,1.94595e+06
1,1283.4,477.7,0,,1.94595e+06
1,1283.4,477.7,0,,1.94595e+06
1,1288.6,434.4,0,,1.94600e+06
1,1288.6,434.4,0,,1.94600e+06
1,1288.6,434.4,0,,1.94600e+06
1,1282.3,436.9,0,,1.94605e+06
1,1282.3,436.9,0,,1.94605e+06
1,1050.1,564.5,0,,1.94608e+06
1,988.5,583.8,0,,1.94609e+06
1,988.5,583.8,0,,1.94609e+06
1,855.7,573.7,0,,1.94614e+06
1,855.7,573.7,0,,1.94614e+06
1,855.7,573.7,0,,1.94614e+06
1,855.7,573.7,0,,1.94614e+06
1,855.7,573.7,0,,1.94614e+06
1,855.7,573.7,0,,1.94614e+06
1,855.7,573.7,0,,1.94614e+06
1,855.7,573.7,0,,1.94614e+06
1,855.7,573.7,0,,1.94614e+06
1,855.7,573.7,0,,1.94614e+06
1,855.7,573.7,0,,1.94614e+06
1,855.7,573.7,0,,1.94614e+06
1,855.7,573.7,0,,1.94614e+06
1,855.7,573.7,0,,1.94614e+06
1,855.7,573.7,0,,1.94614e+06
1,855.7,573.7,0,,1.94614e+06
1,855.7,573.7,0,,1.94614e+06
1,855.7,573.7,0,,1.94614e+06
1,855.7,573.7,0,,1.94614e+06
1,1257.1,497.4,0,,1.94645e+06
1,1257.1,497.4,0,,1.94645e+06
1,1249.7,542.9,0,,1.94648e+06
1,1248.6,537.1,0,,1.9465e+06
1,1248.6,537.1,0,,1.9465e+06
1,1250.9,515.4,0,,1.94653e+06
1,1260.3,502.9,0,,1.94654e+06
1,1260.3,502.9,0,,1.94654e+06
1,1260.3,502.9,0,,1.94654e+06
1,1260.3,502.9,0,,1.94654e+06
1,1260.3,502.9,0,,1.94654e+06
1,1260.3,502.9,0,,1.94654e+06
1,1260.3,502.9,0,,1.94654e+06
1,1260.3,502.9,0,,1.94654e+06
1,1260.3,502.9,0,,1.94654e+06
1,1260.3,502.9,0,,1.94654e+06
1,1260.3,502.9,0,,1.94654e+06
1,1260.3,502.9,0,,1.94654e+06
1,1260.3,502.9,0,,1.94654e+06
1,1260.3,502.9,0,,1.94654e+06
1,1268.8,284.7,0,,1.94678e+06
1,1258.5,299.3,0,,1.94679e+06
1,1258.5,299.3,0,,1.94679e+06
1,1258.5,299.3,0,,1.94679e+06
1,1258.5,299.3,0,,1.94679e+06
1,1258.5,299.3,0,,1.94679e+06
1,1258.5,299.3,0,,1.94679e+06
1,1258.5,299.3,0,,1.94679e+06
1,1258.5,299.3,0,,1.94679e+06
1,1258.5,299.3,0,,1.94679e+06
1,1258.5,299.3,0,,1.94679e+06
1,1258.5,299.3,0,,1.94679e+06
1,1258.5,299.3,0,,1.94679e+06
1,1258.5,299.3,0,,1.94679e+06
1,1258.5,299.3,0,,1.94679e+06
1,1258.5,299.3,0,,1.94679e+06
1,1258.5,299.3,0,,1.94679e+06
1,1258.5,299.3,0,,1.94679e+06
1,1258.5,299.3,0,,1.94679e+06
1,1258.5,299.3,0,,1.94679e+06
1,1258.5,299.3,0,,1.94679e+06
1,1258.5,299.3,0,,1.94679e+06
1,1258.5,299.3,0,,1.94679e+06
1,1258.5,299.3,0,,1.94679e+06
1,1258.5,299.3,0,,1.94679e+06
1,1258.5,299.3,0,,1.94679e+06
1,1258.5,299.3,0,,1.94679e+06
1,1258.5,299.3,0,,1.94679e+06
1,1258.5,299.3,0,,1.94679e+06
1,1258.5,299.3,0,,1.94679e+06
1,1258.5,299.3,0,,1.94679e+06
1,1258.5,299.3,0,,1.94679e+06
1,1258.5,299.3,0,,1.94679e+06
1,1258.5,299.3,0,,1.94679e+06
1,1258.5,299.3,0,,1.94679e+06
1,1258.5,299.3,0,,1.94679e+06
1,1258.5,299.3,0,,1.94679e+06
1,1258.5,299.3,0,,1.94679e+06
1,1258.5,299.3,0,,1.94679e+06
1,1258.5,299.3,0,,1.94679e+06
1,1258.5,299.3,0,,1.94679e+06
1,1258.5,299.3,0,,1.94679e+06
1,1258.5,299.3,0,,1.94679e+06
1,1258.5,299.3,0,,1.94679e+06
1,1258.5,299.3,0,,1.94679e+06
1,1258.5,299.3,0,,1.94679e+06
1,1258.5,299.3,0,,1.94679e+06
1,1258.5,299.3,0,,1.94679e+06
1,1258.5,299.3,0,,1.94679e+06
1,1258.5,299.3,0,,1.94679e+06
1,1258.5,299.3,0,,1.94679e+06
1,1258.5,299.3,0,,1.94679e+06
1,1258.5,299.3,0,,1.94679e+06
1,1258.5,299.3,0,,1.94679e+06
1,1258.5,299.3,0,,1.94679e+06
1,1258.5,299.3,0,,1.94679e+06
1,1258.5,299.3,0,,1.94679e+06
1,1258.5,299.3,0,,1.94679e+06
1,1258.5,299.3,0,,1.94679e+06
1,1258.5,299.3,0,,1.94679e+06
1,1258.5,299.3,0,,1.94679e+06
1,1258.5,299.3,0,,1.94679e+06
1,1258.5,299.3,0,,1.94679e+06
1,1258.5,299.3,0,,1.94679e+06
1,1258.5,299.3,0,,1.94679e+06
1,1258.5,299.3,0,,1.94679e+06
1,1258.5,299.3,0,,1.94679e+06
1,1258.5,299.3,0,,1.94679e+06
1,1258.5,299.3,0,,1.94679e+06
1,1258.5,299.3,0,,1.94679e+06
1,1258.5,299.3,0,,1.94679e+06
1,1258.5,299.3,0,,1.94679e+06
1,1258.5,299.3,0,,1.94679e+06
1,1258.5,299.3,0,,1.94679e+06
1,1258.5,299.3,0,,1.94679e+06
1,1258.5,299.3,0,,1.94679e+06
1,1258.5,299.3,0,,1.94679e+06
1,1258.5,299.3,0,,1.94679e+06
1,1258.5,299.3,0,,1.94679e+06
1,1258.5,299.3,0,,1.94679e+06
1,1258.5,299.3,0,,1.94679e+06
1,1258.5,299.3,0,,1.94679e+06
1,1258.5,299.3,0,,1.94679e+06
1,1258.5,299.3,0,,1.94679e+06
1,1258.5,299.3,0,,1.94679e+06
1,1258.5,299.3,0,,1.94679e+06
1,1258.5,299.3,0,,1.94679e+06
1,1258.5,299.3,0,,1.94679e+06
1,1258.5,299.3,0,,1.94679e+06
1,1258.5,299.3,0,,1.94679e+06
1,1258.5,299.3,0,,1.94679e+06
1,1258.5,299.3,0,,1.94679e+06
1,1258.5,299.3,0,,1.94679e+06
1,1258.5,299.3,0,,1.94679e+06
1,1258.5,299.3,0,,1.94679e+06
1,1258.5,299.3,0,,1.94679e+06
1,1258.5,299.3,0,,1.94679e+06
1,1258.5,299.3,0,,1.94679e+06
1,1258.5,299.3,0,,1.94679e+06
1,1258.5,299.3,0,,1.94679e+06
1,1258.5,299.3,0,,1.94679e+06
1,1258.5,299.3,0,,1.94679e+06
1,1258.5,299.3,0,,1.94679e+06
1,1258.5,299.3,0,,1.94679e+06
1,1258.5,299.3,0,,1.94679e+06
1,1258.5,299.3,0,,1.94679e+06
1,1258.5,299.3,0,,1.94679e+06
1,1258.5,299.3,0,,1.94679e+06
1,1258.5,299.3,0,,1.94679e+06
1,1258.5,299.3,0,,1.94679e+06
1,1258.5,299.3,0,,1.94679e+06
1,1258.5,299.3,0,,1.94679e+06
1,1258.5,299.3,0,,1.94679e+06
1,1258.5,299.3,0,,1.94679e+06
1,1258.5,299.3,0,,1.94679e+06
1,1258.5,299.3,0,,1.94679e+06
1,1258.5,299.3,0,,1.94679e+06
1,1258.5,299.3,0,,1.94679e+06
1,1258.5,299.3,0,,1.94679e+06
1,1258.5,299.3,0,,1.94679e+06
1,1258.5,299.3,0,,1.94679e+06
1,1258.5,299.3,0,,1.94679e+06
1,1258.5,299.3,0,,1.94679e+06
1,1258.5,299.3,0,,1.94679e+06
1,1258.5,299.3,0,,1.94679e+06
1,1258.5,299.3,0,,1.94679e+06
1,1258.5,299.3,0,,1.94679e+06
1,1258.5,299.3,0,,1.94679e+06
1,1258.5,299.3,0,,1.94679e+06
1,1258.5,299.3,0,,1.94679e+06
1,1258.5,299.3,0,,1.94679e+06
1,1258.5,299.3,0,,1.94679e+06
1,1258.5,299.3,0,,1.94679e+06
1,1258.5,299.3,0,,1.94679e+06
1,1258.5,299.3,0,,1.94679e+06
1,1258.5,299.3,0,,1.94679e+06
1,1258.5,299.3,0,,1.94679e+06
1,1258.5,299.3,0,,1.94679e+06
1,1258.5,299.3,0,,1.94679e+06
1,1258.5,299.3,0,,1.94679e+06
1,1258.5,299.3,0,,1.94679e+06
1,1258.5,299.3,0,,1.94679e+06
1,1258.5,299.3,0,,1.94679e+06
1,1258.5,299.3,0,,1.94679e+06
1,1258.5,299.3,0,,1.94679e+06
1,1258.5,299.3,0,,1.94679e+06
1,1258.5,299.3,0,,1.94679e+06
1,1258.5,299.3,0,,1.94679e+06
1,1258.5,299.3,0,,1.94679e+06
1,1258.5,299.3,0,,1.94679e+06
1,1258.5,299.3,0,,1.94679e+06
1,1258.5,299.3,0,,1.94679e+06
1,1258.5,299.3,0,,1.94679e+06
1,1258.5,299.3,0,,1.94679e+06
1,1258.5,299.3,0,,1.94679e+06
1,1258.5,299.3,0,,1.94679e+06
1,1258.5,299.3,0,,1.94679e+06
1,1258.5,299.3,0,,1.94679e+06
1,1258.5,299.3,0,,1.94679e+06
1,1258.5,299.3,0,,1.94679e+06
1,1258.5,299.3,0,,1.94679e+06
1,1258.5,299.3,0,,1.94679e+06
1,1258.5,299.3,0,,1.94679e+06
1,1258.5,299.3,0,,1.94679e+06
1,1258.5,299.3,0,,1.94679e+06
1,1258.5,299.3,0,,1.94679e+06
1,1258.5,299.3,0,,1.94679e+06
1,1258.5,299.3,0,,1.94679e+06
1,1258.5,299.3,0,,1.94679e+06
1,1258.5,299.3,0,,1.94679e+06
1,1258.5,299.3,0,,1.94679e+06
1,1258.5,299.3,0,,1.94679e+06
1,1258.5,299.3,0,,1.94679e+06
1,1258.5,299.3,0,,1.94679e+06
1,1258.5,299.3,0,,1.94679e+06
1,1258.5,299.3,0,,1.94679e+06
1,1258.5,299.3,0,,1.94679e+06
1,1258.5,299.3,0,,1.94679e+06
1,1258.5,299.3,0,,1.94679e+06
1,1258.5,299.3,0,,1.94679e+06
1,1258.5,299.3,0,,1.94679e+06
1,1258.5,299.3,0,,1.94679e+06
1,1258.5,299.3,0,,1.94679e+06
1,1258.5,299.3,0,,1.94679e+06
1,1258.5,299.3,0,,1.94679e+06
1,1258.5,299.3,0,,1.94679e+06
1,1258.5,299.3,0,,1.94679e+06
1,1258.5,299.3,0,,1.94679e+06
1,1258.5,299.3,0,,1.94679e+06
1,1258.5,299.3,0,,1.94679e+06
1,1258.5,299.3,0,,1.94679e+06
1,1258.5,299.3,0,,1.94679e+06
1,1258.5,299.3,0,,1.94679e+06
1,1258.5,299.3,0,,1.94679e+06
1,1258.5,299.3,0,,1.94679e+06
1,1258.5,299.3,0,,1.94679e+06
1,1258.5,299.3,0,,1.94679e+06
1,1258.5,299.3,0,,1.94679e+06
1,1258.5,299.3,0,,1.94679e+06
1,1258.5,299.3,0,,1.94679e+06
1,1258.5,299.3,0,,1.94679e+06
1,1258.5,299.3,0,,1.94679e+06
1,1258.5,299.3,0,,1.94679e+06
1,1258.5,299.3,0,,1.94679e+06
1,1258.5,299.3,0,,1.94679e+06
1,1258.5,299.3,0,,1.94679e+06
1,1258.5,299.3,0,,1.94679e+06
1,1258.5,299.3,0,,1.94679e+06
1,1258.5,299.3,0,,1.94679e+06
1,1258.5,299.3,0,,1.94679e+06
1,1258.5,299.3,0,,1.94679e+06
1,1258.5,299.3,0,,1.94679e+06
1,1258.5,299.3,0,,1.94679e+06
1,1258.5,299.3,0,,1.94679e+06
1,1258.5,299.3,0,,1.94679e+06
1,1258.5,299.3,0,,1.94679e+06
1,1258.5,299.3,0,,1.94679e+06
1,1258.5,299.3,0,,1.94679e+06
1,1258.5,299.3,0,,1.94679e+06
1,1258.5,299.3,0,,1.94679e+06
1,1258.5,299.3,0,,1.94679e+06
1,1258.5,299.3,0,,1.94679e+06
1,1258.5,299.3,0,,1.94679e+06
1,1258.5,299.3,0,,1.94679e+06
1,1258.5,299.3,0,,1.94679e+06
1,1258.5,299.3,0,,1.94679e+06
1,1258.5,299.3,0,,1.94679e+06
1,1258.5,299.3,0,,1.94679e+06
1,1258.5,299.3,0,,1.94679e+06
1,1258.5,299.3,0,,1.94679e+06
1,1258.5,299.3,0,,1.94679e+06
1,1258.5,299.3,0,,1.94679e+06
1,1258.5,299.3,0,,1.94679e+06
1,1258.5,299.3,0,,1.94679e+06
1,1258.5,299.3,0,,1.94679e+06
1,1258.5,299.3,0,,1.94679e+06
1,1258.5,299.3,0,,1.94679e+06
1,1258.5,299.3,0,,1.94679e+06
1,1258.5,299.3,0,,1.94679e+06
1,1258.5,299.3,0,,1.94679e+06
1,1258.5,299.3,0,,1.94679e+06
1,1258.5,299.3,0,,1.94679e+06
1,1258.5,299.3,0,,1.94679e+06
1,1258.5,299.3,0,,1.94679e+06
1,1258.5,299.3,0,,1.94679e+06
1,1258.5,299.3,0,,1.94679e+06
1,1258.5,299.3,0,,1.94679e+06
1,1258.5,299.3,0,,1.94679e+06
1,1258.5,299.3,0,,1.94679e+06
1,1258.5,299.3,0,,1.94679e+06
1,1258.5,299.3,0,,1.94679e+06
1,1258.5,299.3,0,,1.94679e+06
1,1258.5,299.3,0,,1.94679e+06
1,1258.5,299.3,0,,1.94679e+06
1,1258.5,299.3,0,,1.94679e+06
1,1258.5,299.3,0,,1.94679e+06
1,1258.5,299.3,0,,1.94679e+06
1,1258.5,299.3,0,,1.94679e+06
1,1258.5,299.3,0,,1.94679e+06
1,1258.5,299.3,0,,1.94679e+06
1,1258.5,299.3,0,,1.94679e+06
1,1258.5,299.3,0,,1.94679e+06
1,1258.5,299.3,0,,1.94679e+06
1,1258.5,299.3,0,,1.94679e+06
1,1258.5,299.3,0,,1.94679e+06
1,1258.5,299.3,0,,1.94679e+06
1,1258.5,299.3,0,,1.94679e+06
1,1258.5,299.3,0,,1.94679e+06
1,1258.5,299.3,0,,1.94679e+06
1,1258.5,299.3,0,,1.94679e+06
1,1258.5,299.3,0,,1.94679e+06
1,1258.5,299.3,0,,1.94679e+06
1,1258.5,299.3,0,,1.94679e+06
1,1258.5,299.3,0,,1.94679e+06
1,1258.5,299.3,0,,1.94679e+06
1,1258.5,299.3,0,,1.94679e+06
1,1258.5,299.3,0,,1.94679e+06
1,1258.5,299.3,0,,1.94679e+06
1,1258.5,299.3,0,,1.94679e+06
1,1258.5,299.3,0,,1.94679e+06
1,1258.5,299.3,0,,1.94679e+06
1,1258.5,299.3,0,,1.94679e+06
1,1258.5,299.3,0,,1.94679e+06
1,1258.5,299.3,0,,1.94679e+06
1,1258.5,299.3,0,,1.94679e+06
1,1258.5,299.3,0,,1.94679e+06
1,1258.5,299.3,0,,1.94679e+06
1,1258.5,299.3,0,,1.94679e+06
1,1258.5,299.3,0,,1.94679e+06
1,1258.5,299.3,0,,1.94679e+06
1,1258.5,299.3,0,,1.94679e+06
1,1258.5,299.3,0,,1.94679e+06
1,1258.5,299.3,0,,1.94679e+06
1,1258.5,299.3,0,,1.94679e+06
1,1258.5,299.3,0,,1.94679e+06
1,1258.5,299.3,0,,1.94679e+06
1,1258.5,299.3,0,,1.94679e+06
1,1258.5,299.3,0,,1.94679e+06
1,1258.5,299.3,0,,1.94679e+06
1,1258.5,299.3,0,,1.94679e+06
1,1258.5,299.3,0,,1.94679e+06
1,1258.5,299.3,0,,1.94679e+06
1,1258.5,299.3,0,,1.94679e+06
1,1258.5,299.3,0,,1.94679e+06
1,1258.5,299.3,0,,1.94679e+06
1,1258.5,299.3,0,,1.94679e+06
1,1258.5,299.3,0,,1.94679e+06
1,1258.5,299.3,0,,1.94679e+06
1,1258.5,299.3,0,,1.94679e+06
1,1258.5,299.3,0,,1.94679e+06
1,1258.5,299.3,0,,1.94679e+06
1,1258.5,299.3,0,,1.94679e+06
1,1258.5,299.3,0,,1.94679e+06
1,1258.5,299.3,0,,1.94679e+06
1,1258.5,299.3,0,,1.94679e+06
1,1258.5,299.3,0,,1.94679e+06
1,1258.5,299.3,0,,1.94679e+06
1,1258.5,299.3,0,,1.94679e+06
1,1258.5,299.3,0,,1.94679e+06
1,1258.5,299.3,0,,1.94679e+06
1,1258.5,299.3,0,,1.94679e+06
1,1258.5,299.3,0,,1.94679e+06
1,1258.5,299.3,0,,1.94679e+06
1,1258.5,299.3,0,,1.94679e+06
1,1258.5,299.3,0,,1.94679e+06
1,1258.5,299.3,0,,1.94679e+06
1,1258.5,299.3,0,,1.94679e+06
1,1058,607.2,0,,1.95224e+06
1,1058,607.2,0,,1.95224e+06
1,1143.6,650.9,0,,1.95228e+06
1,1209.6,652,0,,1.95229e+06
1,1209.6,652,0,,1.95229e+06
1,1209.6,652,0,,1.95229e+06
1,1209.6,652,0,,1.95229e+06
1,1209.6,652,0,,1.95229e+06
1,1209.6,652,0,,1.95229e+06
1,1209.6,652,0,,1.95229e+06
1,1209.6,652,0,,1.95229e+06
1,1209.6,652,0,,1.95229e+06
1,1209.6,652,0,,1.95229e+06
1,1209.6,652,0,,1.95229e+06
1,1209.6,652,0,,1.95229e+06
1,1209.6,652,0,,1.95229e+06
1,1209.6,652,0,,1.95229e+06
1,1209.6,652,0,,1.95229e+06
1,1209.6,652,0,,1.95229e+06
1,1209.6,652,0,,1.95229e+06
1,1209.6,652,0,,1.95229e+06
1,1209.6,652,0,,1.95229e+06
1,1209.6,652,0,,1.95229e+06
1,1209.6,652,0,,1.95229e+06
1,1209.6,652,0,,1.95229e+06
1,1209.6,652,0,,1.95229e+06
1,1209.6,652,0,,1.95229e+06
1,1209.6,652,0,,1.95229e+06
1,1209.6,652,0,,1.95229e+06
1,1209.6,652,0,,1.95229e+06
1,1209.6,652,0,,1.95229e+06
1,1212.1,575.3,0,,1.95268e+06
1,1212.1,575.3,0,,1.95268e+06
1,1212.1,575.3,0,,1.95268e+06
1,1212.1,575.3,0,,1.95268e+06
1,1212.1,575.3,0,,1.95268e+06
1,1212.1,575.3,0,,1.95268e+06
1,1212.1,575.3,0,,1.95268e+06
1,1212.1,575.3,0,,1.95268e+06
1,1212.1,575.3,0,,1.95268e+06
1,1212.1,575.3,0,,1.95268e+06
1,1212.1,575.3,0,,1.95268e+06
1,1212.1,575.3,0,,1.95268e+06
1,1212.1,575.3,0,,1.95268e+06
1,1212.1,575.3,0,,1.95268e+06
1,1212.1,575.3,0,,1.95268e+06
1,1212.1,575.3,0,,1.95268e+06
1,1212.1,575.3,0,,1.95268e+06
1,1212.1,575.3,0,,1.95268e+06
1,1212.1,575.3,0,,1.95268e+06
1,1212.1,575.3,0,,1.95268e+06
1,1212.1,575.3,0,,1.95268e+06
1,1212.1,575.3,0,,1.95268e+06
1,1212.1,575.3,0,,1.95268e+06
1,1212.1,575.3,0,,1.95268e+06
1,1212.1,575.3,0,,1.95268e+06
1,1212.1,575.3,0,,1.95268e+06
1,1212.1,575.3,0,,1.95268e+06
1,1212.1,575.3,0,,1.95268e+06
1,1212.1,575.3,0,,1.95268e+06
1,1212.1,575.3,0,,1.95268e+06
1,1212.1,575.3,0,,1.95268e+06
1,1212.1,575.3,0,,1.95268e+06
1,1212.1,575.3,0,,1.95268e+06
1,1212.1,575.3,0,,1.95268e+06
1,1212.1,575.3,0,,1.95268e+06
1,1212.1,575.3,0,,1.95268e+06
1,1212.1,575.3,0,,1.95268e+06
1,1212.1,575.3,0,,1.95268e+06
1,1212.1,575.3,0,,1.95268e+06
1,1212.1,575.3,0,,1.95268e+06
1,1212.1,575.3,0,,1.95268e+06
1,1212.1,575.3,0,,1.95268e+06
1,1212.1,575.3,0,,1.95268e+06
1,1212.1,575.3,0,,1.95268e+06
1,1212.1,575.3,0,,1.95268e+06
1,1212.1,575.3,0,,1.95268e+06
1,1212.1,575.3,0,,1.95268e+06
1,1212.1,575.3,0,,1.95268e+06
1,1212.1,575.3,0,,1.95268e+06
1,1212.1,575.3,0,,1.95268e+06
1,1212.1,575.3,0,,1.95268e+06
1,1212.1,575.3,0,,1.95268e+06
1,1212.1,575.3,0,,1.95268e+06
1,1212.1,575.3,0,,1.95268e+06
1,1212.1,575.3,0,,1.95268e+06
1,1168.9,720.1,0,,1.95358e+06
1,1168.9,720.1,0,,1.95358e+06
1,1168.9,720.1,0,,1.95358e+06
1,1168.9,720.1,0,,1.95358e+06
1,1168.9,720.1,0,,1.95358e+06
1,1168.9,720.1,0,,1.95358e+06
1,1168.9,720.1,0,,1.95358e+06
1,1168.9,720.1,0,,1.95358e+06
1,1292.9,493.6,0,,1.95382e+06
1,1292.9,493.6,0,,1.95382e+06
1,1292.9,493.6,0,,1.95382e+06
1,1294.2,492.9,0,,1.95386e+06
1,1294.2,492.9,0,,1.95386e+06
1,1263,527,0,,1.9539e+06
1,1263,527,0,,1.9539e+06
1,1263,527,0,,1.9539e+06
1,1260.6,531.5,0,,1.95394e+06
1,1279.5,514.7,0,,1.95395e+06
1,1293.7,495.7,0,,1.95398e+06
1,1296.6,487.2,0,,1.954e+06
1,1296.6,487.2,0,,1.954e+06
1,1288,484.7,0,,1.95403e+06
1,1283,485,0,,1.95404e+06
1,1283,485,0,,1.95404e+06
1,1283,485,0,,1.95404e+06
1,1283,485,0,,1.95404e+06
1,1283,485,0,,1.95404e+06
1,1283,485,0,,1.95404e+06
1,1283,485,0,,1.95404e+06
1,1283,485,0,,1.95404e+06
1,1283,485,0,,1.95404e+06
1,1283,485,0,,1.95404e+06
1,1283,485,0,,1.95404e+06
1,1283,485,0,,1.95404e+06
1,1283,485,0,,1.95404e+06
1,1283,485,0,,1.95404e+06
1,1389.6,399.6,0,,1.95427e+06
1,1398.1,387.3,0,,1.9543e+06
1,1402.3,379.9,0,,1.95431e+06
1,1402.3,379.9,0,,1.95431e+06
1,1408.2,376.8,0,,1.95435e+06
1,1408.2,376.8,0,,1.95435e+06
1,1408.2,376.8,0,,1.95435e+06
1,1408.2,376.8,0,,1.95435e+06
1,1408.2,376.8,0,,1.95435e+06
1,1408.2,376.8,0,,1.95435e+06
1,1408.2,376.8,0,,1.95435e+06
1,1408.2,376.8,0,,1.95435e+06
1,1408.2,376.8,0,,1.95435e+06
1,1408.2,376.8,0,,1.95435e+06
1,1408.2,376.8,0,,1.95435e+06
1,1408.2,376.8,0,,1.95435e+06
1,1408.2,376.8,0,,1.95435e+06
1,1408.2,376.8,0,,1.95435e+06
1,1408.2,376.8,0,,1.95435e+06
1,1408.2,376.8,0,,1.95435e+06
1,1408.2,376.8,0,,1.95435e+06
1,1408.2,376.8,0,,1.95435e+06
1,1408.2,376.8,0,,1.95435e+06
1,1408.2,376.8,0,,1.95435e+06
1,1408.2,376.8,0,,1.95435e+06
1,1408.2,376.8,0,,1.95435e+06
1,1408.2,376.8,0,,1.95435e+06
1,1408.2,376.8,0,,1.95435e+06
1,1408.2,376.8,0,,1.95435e+06
1,1408.2,376.8,0,,1.95435e+06
1,1408.2,376.8,0,,1.95435e+06
1,1408.2,376.8,0,,1.95435e+06
1,1408.2,376.8,0,,1.95435e+06
1,1408.2,376.8,0,,1.95435e+06
1,1408.2,376.8,0,,1.95435e+06
1,1408.2,376.8,0,,1.95435e+06
1,1408.2,376.8,0,,1.95435e+06
1,1408.2,376.8,0,,1.95435e+06
1,1408.2,376.8,0,,1.95435e+06
1,1408.2,376.8,0,,1.95435e+06
1,1408.2,376.8,0,,1.95435e+06
1,1408.2,376.8,0,,1.95435e+06
1,1408.2,376.8,0,,1.95435e+06
1,1408.2,376.8,0,,1.95435e+06
1,1408.2,376.8,0,,1.95435e+06
1,1408.2,376.8,0,,1.95435e+06
1,1408.2,376.8,0,,1.95435e+06
1,1408.2,376.8,0,,1.95435e+06
1,1408.2,376.8,0,,1.95435e+06
1,1408.2,376.8,0,,1.95435e+06
1,1408.2,376.8,0,,1.95435e+06
1,1408.2,376.8,0,,1.95435e+06
1,1408.2,376.8,0,,1.95435e+06
1,1408.2,376.8,0,,1.95435e+06
1,1408.2,376.8,0,,1.95435e+06
1,1408.2,376.8,0,,1.95435e+06
1,1408.2,376.8,0,,1.95435e+06
1,1408.2,376.8,0,,1.95435e+06
1,1408.2,376.8,0,,1.95435e+06
1,1408.2,376.8,0,,1.95435e+06
1,1408.2,376.8,0,,1.95435e+06
1,1408.2,376.8,0,,1.95435e+06
1,1408.2,376.8,0,,1.95435e+06
1,1408.2,376.8,0,,1.95435e+06
1,1408.2,376.8,0,,1.95435e+06
1,1408.2,376.8,0,,1.95435e+06
1,1408.2,376.8,0,,1.95435e+06
1,1408.2,376.8,0,,1.95435e+06
1,1408.2,376.8,0,,1.95435e+06
1,1408.2,376.8,0,,1.95435e+06
1,1408.2,376.8,0,,1.95435e+06
1,1408.2,376.8,0,,1.95435e+06
1,1408.2,376.8,0,,1.95435e+06
1,1408.2,376.8,0,,1.95435e+06
1,1408.2,376.8,0,,1.95435e+06
1,1408.2,376.8,0,,1.95435e+06
1,1408.2,376.8,0,,1.95435e+06
1,1408.2,376.8,0,,1.95435e+06
1,1408.2,376.8,0,,1.95435e+06
1,1408.2,376.8,0,,1.95435e+06
1,1408.2,376.8,0,,1.95435e+06
1,1408.2,376.8,0,,1.95435e+06
1,1408.2,376.8,0,,1.95435e+06
1,1408.2,376.8,0,,1.95435e+06
1,1408.2,376.8,0,,1.95435e+06
1,1408.2,376.8,0,,1.95435e+06
1,1408.2,376.8,0,,1.95435e+06
1,1408.2,376.8,0,,1.95435e+06
1,1408.2,376.8,0,,1.95435e+06
1,1408.2,376.8,0,,1.95435e+06
1,1408.2,376.8,0,,1.95435e+06
1,1408.2,376.8,0,,1.95435e+06
1,1408.2,376.8,0,,1.95435e+06
1,1408.2,376.8,0,,1.95435e+06
1,1408.2,376.8,0,,1.95435e+06
1,1408.2,376.8,0,,1.95435e+06
1,1408.2,376.8,0,,1.95435e+06
1,1408.2,376.8,0,,1.95435e+06
1,1408.2,376.8,0,,1.95435e+06
1,1408.2,376.8,0,,1.95435e+06
1,1408.2,376.8,0,,1.95435e+06
1,1408.2,376.8,0,,1.95435e+06
1,1408.2,376.8,0,,1.95435e+06
1,1408.2,376.8,0,,1.95435e+06
1,1408.2,376.8,0,,1.95435e+06
1,1408.2,376.8,0,,1.95435e+06
1,1408.2,376.8,0,,1.95435e+06
1,1408.2,376.8,0,,1.95435e+06
1,1408.2,376.8,0,,1.95435e+06
1,1408.2,376.8,0,,1.95435e+06
1,1408.2,376.8,0,,1.95435e+06
1,1408.2,376.8,0,,1.95435e+06
1,1408.2,376.8,0,,1.95435e+06
1,1408.2,376.8,0,,1.95435e+06
1,1408.2,376.8,0,,1.95435e+06
1,1408.2,376.8,0,,1.95435e+06
1,1408.2,376.8,0,,1.95435e+06
1,1408.2,376.8,0,,1.95435e+06
1,1408.2,376.8,0,,1.95435e+06
1,1408.2,376.8,0,,1.95435e+06
1,1408.2,376.8,0,,1.95435e+06
1,1408.2,376.8,0,,1.95435e+06
1,1408.2,376.8,0,,1.95435e+06
1,1408.2,376.8,0,,1.95435e+06
1,1408.2,376.8,0,,1.95435e+06
1,1408.2,376.8,0,,1.95435e+06
1,1408.2,376.8,0,,1.95435e+06
1,1408.2,376.8,0,,1.95435e+06
1,1408.2,376.8,0,,1.95435e+06
1,1408.2,376.8,0,,1.95435e+06
1,1408.2,376.8,0,,1.95435e+06
1,1408.2,376.8,0,,1.95435e+06
1,1408.2,376.8,0,,1.95435e+06
1,1408.2,376.8,0,,1.95435e+06
1,1408.2,376.8,0,,1.95435e+06
1,1408.2,376.8,0,,1.95435e+06
1,1408.2,376.8,0,,1.95435e+06
1,1408.2,376.8,0,,1.95435e+06
1,1408.2,376.8,0,,1.95435e+06
1,1408.2,376.8,0,,1.95435e+06
1,1408.2,376.8,0,,1.95435e+06
1,1408.2,376.8,0,,1.95435e+06
1,1408.2,376.8,0,,1.95435e+06
1,1408.2,376.8,0,,1.95435e+06
1,1408.2,376.8,0,,1.95435e+06
1,1408.2,376.8,0,,1.95435e+06
1,1408.2,376.8,0,,1.95435e+06
1,1408.2,376.8,0,,1.95435e+06
1,1408.2,376.8,0,,1.95435e+06
1,1408.2,376.8,0,,1.95435e+06
1,1408.2,376.8,0,,1.95435e+06
1,1408.2,376.8,0,,1.95435e+06
1,1408.2,376.8,0,,1.95435e+06
1,1408.2,376.8,0,,1.95435e+06
1,1408.2,376.8,0,,1.95435e+06
1,1408.2,376.8,0,,1.95435e+06
1,1408.2,376.8,0,,1.95435e+06
1,1408.2,376.8,0,,1.95435e+06
1,1408.2,376.8,0,,1.95435e+06
1,1408.2,376.8,0,,1.95435e+06
1,1408.2,376.8,0,,1.95435e+06
1,1408.2,376.8,0,,1.95435e+06
1,1408.2,376.8,0,,1.95435e+06
1,1408.2,376.8,0,,1.95435e+06
1,1408.2,376.8,0,,1.95435e+06
1,1408.2,376.8,0,,1.95435e+06
1,1408.2,376.8,0,,1.95435e+06
1,1408.2,376.8,0,,1.95435e+06
1,1408.2,376.8,0,,1.95435e+06
1,1408.2,376.8,0,,1.95435e+06
1,1408.2,376.8,0,,1.95435e+06
1,1408.2,376.8,0,,1.95435e+06
1,1408.2,376.8,0,,1.95435e+06
1,1408.2,376.8,0,,1.95435e+06
1,1408.2,376.8,0,,1.95435e+06
1,1408.2,376.8,0,,1.95435e+06
1,1408.2,376.8,0,,1.95435e+06
1,1408.2,376.8,0,,1.95435e+06
1,1408.2,376.8,0,,1.95435e+06
1,1408.2,376.8,0,,1.95435e+06
1,1408.2,376.8,0,,1.95435e+06
1,1408.2,376.8,0,,1.95435e+06
1,1408.2,376.8,0,,1.95435e+06
1,1408.2,376.8,0,,1.95435e+06
1,1408.2,376.8,0,,1.95435e+06
1,1408.2,376.8,0,,1.95435e+06
1,1408.2,376.8,0,,1.95435e+06
1,1408.2,376.8,0,,1.95435e+06
1,1408.2,376.8,0,,1.95435e+06
1,1408.2,376.8,0,,1.95435e+06
1,1408.2,376.8,0,,1.95435e+06
1,1408.2,376.8,0,,1.95435e+06
1,1408.2,376.8,0,,1.95435e+06
1,1408.2,376.8,0,,1.95435e+06
1,1408.2,376.8,0,,1.95435e+06
1,1408.2,376.8,0,,1.95435e+06
1,1408.2,376.8,0,,1.95435e+06
1,1408.2,376.8,0,,1.95435e+06
1,1408.2,376.8,0,,1.95435e+06
1,1408.2,376.8,0,,1.95435e+06
1,1408.2,376.8,0,,1.95435e+06
1,1408.2,376.8,0,,1.95435e+06
1,1408.2,376.8,0,,1.95435e+06
1,1408.2,376.8,0,,1.95435e+06
1,1408.2,376.8,0,,1.95435e+06
1,1408.2,376.8,0,,1.95435e+06
1,1408.2,376.8,0,,1.95435e+06
1,1408.2,376.8,0,,1.95435e+06
1,1408.2,376.8,0,,1.95435e+06
1,1408.2,376.8,0,,1.95435e+06
1,1408.2,376.8,0,,1.95435e+06
1,1408.2,376.8,0,,1.95435e+06
1,1408.2,376.8,0,,1.95435e+06
1,1408.2,376.8,0,,1.95435e+06
1,1408.2,376.8,0,,1.95435e+06
1,1408.2,376.8,0,,1.95435e+06
1,1408.2,376.8,0,,1.95435e+06
1,1408.2,376.8,0,,1.95435e+06
1,1408.2,376.8,0,,1.95435e+06
1,1408.2,376.8,0,,1.95435e+06
1,1408.2,376.8,0,,1.95435e+06
1,1408.2,376.8,0,,1.95435e+06
1,1408.2,376.8,0,,1.95435e+06
1,1408.2,376.8,0,,1.95435e+06
1,1408.2,376.8,0,,1.95435e+06
1,1408.2,376.8,0,,1.95435e+06
1,1408.2,376.8,0,,1.95435e+06
1,1408.2,376.8,0,,1.95435e+06
1,1408.2,376.8,0,,1.95435e+06
1,1408.2,376.8,0,,1.95435e+06
1,1408.2,376.8,0,,1.95435e+06
1,1408.2,376.8,0,,1.95435e+06
1,1408.2,376.8,0,,1.95435e+06
1,1408.2,376.8,0,,1.95435e+06
1,1408.2,376.8,0,,1.95435e+06
1,1408.2,376.8,0,,1.95435e+06
1,1408.2,376.8,0,,1.95435e+06
1,1408.2,376.8,0,,1.95435e+06
1,1408.2,376.8,0,,1.95435e+06
1,1408.2,376.8,0,,1.95435e+06
1,1232.2,511.9,0,,1.9582e+06
1,1232.2,511.9,0,,1.9582e+06
1,1232.2,511.9,0,,1.9582e+06
1,1232.2,511.9,0,,1.9582e+06
1,1232.2,511.9,0,,1.9582e+06
1,1232.2,511.9,0,,1.9582e+06
1,1232.2,511.9,0,,1.9582e+06
1,1232.2,511.9,0,,1.9582e+06
1,1232.2,511.9,0,,1.9582e+06
1,1232.2,511.9,0,,1.9582e+06
1,1232.2,511.9,0,,1.9582e+06
1,1232.2,511.9,0,,1.9582e+06
1,1232.2,511.9,0,,1.9582e+06
1,1232.2,511.9,0,,1.9582e+06
1,1232.2,511.9,0,,1.9582e+06
1,1232.2,511.9,0,,1.9582e+06
1,1232.2,511.9,0,,1.9582e+06
1,1232.2,511.9,0,,1.9582e+06
1,1232.2,511.9,0,,1.9582e+06
1,1232.2,511.9,0,,1.9582e+06
1,1232.2,511.9,0,,1.9582e+06
1,1232.2,511.9,0,,1.9582e+06
1,1232.2,511.9,0,,1.9582e+06
1,1232.2,511.9,0,,1.9582e+06
1,1232.2,511.9,0,,1.9582e+06
1,1232.2,511.9,0,,1.9582e+06
1,1232.2,511.9,0,,1.9582e+06
1,1232.2,511.9,0,,1.9582e+06
1,1232.2,511.9,0,,1.9582e+06
1,1232.2,511.9,0,,1.9582e+06
1,1232.2,511.9,0,,1.9582e+06
1,1232.2,511.9,0,,1.9582e+06
1,1232.2,511.9,0,,1.9582e+06
1,1232.2,511.9,0,,1.9582e+06
1,1232.2,511.9,0,,1.9582e+06
1,1232.2,511.9,0,,1.9582e+06
1,1232.2,511.9,0,,1.9582e+06
1,1232.2,511.9,0,,1.9582e+06
1,1232.2,511.9,0,,1.9582e+06
1,1232.2,511.9,0,,1.9582e+06
1,1232.2,511.9,0,,1.9582e+06
1,1232.2,511.9,0,,1.9582e+06
1,1232.2,511.9,0,,1.9582e+06
1,1232.2,511.9,0,,1.9582e+06
1,1232.2,511.9,0,,1.9582e+06
1,1232.2,511.9,0,,1.9582e+06
1,1232.2,511.9,0,,1.9582e+06
1,1232.2,511.9,0,,1.9582e+06
1,1232.2,511.9,0,,1.9582e+06
1,1232.2,511.9,0,,1.9582e+06
1,1232.2,511.9,0,,1.9582e+06
1,1232.2,511.9,0,,1.9582e+06
1,1232.2,511.9,0,,1.9582e+06
1,1232.2,511.9,0,,1.9582e+06
1,1232.2,511.9,0,,1.9582e+06
1,1232.2,511.9,0,,1.9582e+06
1,1232.2,511.9,0,,1.9582e+06
1,1232.2,511.9,0,,1.9582e+06
1,1232.2,511.9,0,,1.9582e+06
1,1232.2,511.9,0,,1.9582e+06
1,1232.2,511.9,0,,1.9582e+06
1,1232.2,511.9,0,,1.9582e+06
1,1232.2,511.9,0,,1.9582e+06
1,1232.2,511.9,0,,1.9582e+06
1,1232.2,511.9,0,,1.9582e+06
1,1232.2,511.9,0,,1.9582e+06
1,1232.2,511.9,0,,1.9582e+06
1,1232.2,511.9,0,,1.9582e+06
1,1232.2,511.9,0,,1.9582e+06
1,1232.2,511.9,0,,1.9582e+06
1,1232.2,511.9,0,,1.9582e+06
1,1232.2,511.9,0,,1.9582e+06
1,1232.2,511.9,0,,1.9582e+06
1,1232.2,511.9,0,,1.9582e+06
1,1232.2,511.9,0,,1.9582e+06
1,1232.2,511.9,0,,1.9582e+06
1,1232.2,511.9,0,,1.9582e+06
1,1232.2,511.9,0,,1.9582e+06
1,1232.2,511.9,0,,1.9582e+06
1,1232.2,511.9,0,,1.9582e+06
1,1232.2,511.9,0,,1.9582e+06
1,1232.2,511.9,0,,1.9582e+06
1,1232.2,511.9,0,,1.9582e+06
1,1232.2,511.9,0,,1.9582e+06
1,1232.2,511.9,0,,1.9582e+06
1,1232.2,511.9,0,,1.9582e+06
1,1232.2,511.9,0,,1.9582e+06
1,1232.2,511.9,0,,1.9582e+06
1,1232.2,511.9,0,,1.9582e+06
1,1232.2,511.9,0,,1.9582e+06
1,1232.2,511.9,0,,1.9582e+06
1,1232.2,511.9,0,,1.9582e+06
1,1232.2,511.9,0,,1.9582e+06
1,1232.2,511.9,0,,1.9582e+06
1,1232.2,511.9,0,,1.9582e+06
1,1232.2,511.9,0,,1.9582e+06
1,1232.2,511.9,0,,1.9582e+06
1,1232.2,511.9,0,,1.9582e+06
1,1232.2,511.9,0,,1.9582e+06
1,1232.2,511.9,0,,1.9582e+06
1,1232.2,511.9,0,,1.9582e+06
1,1232.2,511.9,0,,1.9582e+06
1,1232.2,511.9,0,,1.9582e+06
1,1232.2,511.9,0,,1.9582e+06
1,1232.2,511.9,0,,1.9582e+06
1,1232.2,511.9,0,,1.9582e+06
1,1232.2,511.9,0,,1.9582e+06
1,1232.2,511.9,0,,1.9582e+06
1,1232.2,511.9,0,,1.9582e+06
1,1232.2,511.9,0,,1.9582e+06
1,1232.2,511.9,0,,1.9582e+06
1,1232.2,511.9,0,,1.9582e+06
1,1232.2,511.9,0,,1.9582e+06
1,1232.2,511.9,0,,1.9582e+06
1,1232.2,511.9,0,,1.9582e+06
1,1232.2,511.9,0,,1.9582e+06
1,1232.2,511.9,0,,1.9582e+06
1,1232.2,511.9,0,,1.9582e+06
1,1232.2,511.9,0,,1.9582e+06
1,1232.2,511.9,0,,1.9582e+06
1,1232.2,511.9,0,,1.9582e+06
1,1232.2,511.9,0,,1.9582e+06
1,1232.2,511.9,0,,1.9582e+06
1,1232.2,511.9,0,,1.9582e+06
1,1232.2,511.9,0,,1.9582e+06
1,1232.2,511.9,0,,1.9582e+06
1,1232.2,511.9,0,,1.9582e+06
1,1232.2,511.9,0,,1.9582e+06
1,1232.2,511.9,0,,1.9582e+06
1,1042.2,521.7,0,,1.96043e+06
1,1037.9,521.1,0,,1.96045e+06
1,1004,521.8,0,,1.96046e+06
