page,x,y,word,word_index,timestamp
0,1920,0,0,,0
0,739.3,251,0,,2.72137e+08
0,739.2,241.3,0,,2.72137e+08
0,738.7,241.3,0,,2.72137e+08
0,738.7,241.3,0,,2.72137e+08
0,735.8,245.6,0,,2.72137e+08
0,726.8,273,0,,2.72137e+08
0,726.8,273,0,,2.72137e+08
0,722.6,288.3,0,,2.72137e+08
0,732,283.4,0,,2.72137e+08
0,734.9,280.7,0,,2.72137e+08
0,736.7,276.4,0,,2.72137e+08
0,736.7,276.4,0,,2.72137e+08
0,736.9,264,0,,2.72137e+08
0,736.9,264,0,,2.72137e+08
0,736.7,268.4,0,,2.72137e+08
0,722.3,273.5,0,,2.72137e+08
0,722.3,273.5,0,,2.72137e+08
0,722.3,273.5,0,,2.72137e+08
0,415.4,94.6,0,,2.72137e+08
0,415.4,94.6,0,,2.72137e+08
0,415.4,94.6,0,,2.72137e+08
0,403.9,88.2,0,,2.72137e+08
0,377.5,72.5,0,,2.72137e+08
0,377.5,72.5,0,,2.72137e+08
0,369.4,68.7,0,,2.72138e+08
0,351,60.4,0,,2.72138e+08
0,288.4,25.1,0,,2.72138e+08
0,290.3,26.2,0,,2.72138e+08
1,290.3,26.2,0,,2.72138e+08
1,227.4,-1.9,0,,2.72138e+08
1,218.4,-6,0,,2.72138e+08
1,218.4,-6,0,,2.72138e+08
1,137.8,-37.9,0,,2.72138e+08
1,126.9,-33.5,0,,2.72138e+08
1,136.2,-35.4,0,,2.72138e+08
1,134.6,-32.9,0,,2.72138e+08
1,134.6,-32.9,0,,2.72138e+08
1,134.6,-32.9,0,,2.72138e+08
1,156.9,-79.3,0,,2.72138e+08
1,156.9,-79.3,0,,2.72138e+08
1,159.4,-40.1,0,,2.72138e+08
1,169.1,-23.6,0,,2.72138e+08
1,169.1,-23.6,0,,2.72138e+08
1,307.5,133.8,0,,2.72138e+08
1,398.5,251.8,0,,2.72138e+08
1,418.8,277.4,0,,2.72138e+08
1,418.8,277.4,0,,2.72138e+08
1,418.8,277.4,0,,2.72138e+08
1,561.5,480.9,0,,2.72138e+08
1,562.6,487.6,0,,2.72138e+08
1,563,491.8,0,,2.72138e+08
1,561.3,490.8,0,,2.72138e+08
1,561.3,490.8,0,,2.72138e+08
1,557.7,490.6,0,,2.72138e+08
1,495.7,475.1,0,,2.72138e+08
1,495.7,475.1,0,,2.72138e+08
1,449.1,463.3,0,,2.72138e+08
1,434.5,456.1,0,,2.72138e+08
1,434.5,456.1,0,,2.72138e+08
1,425.5,453.3,0,,2.72138e+08
1,429.8,460,0,,2.72138e+08
1,425.4,458.7,0,,2.72138e+08
1,409,457.5,0,,2.72138e+08
1,409,457.5,0,,2.72138e+08
1,409,457.5,0,,2.72138e+08
1,389.5,452.2,0,,2.72138e+08
1,389.5,452.2,0,,2.72138e+08
1,364.9,454.5,0,,2.72138e+08
1,362.9,455.1,0,,2.72138e+08
1,362.2,450,0,,2.72138e+08
1,361.3,445.3,0,,2.72138e+08
1,361.3,445.3,0,,2.72138e+08
1,362.9,442.5,0,,2.72138e+08
1,362.9,442.5,0,,2.72138e+08
1,362.9,442.5,0,,2.72138e+08
1,362,436,0,,2.72138e+08
1,365.9,445.6,0,,2.72138e+08
1,365.9,445.6,0,,2.72138e+08
1,613.8,401.5,0,,2.72138e+08
1,677.3,414.4,0,,2.72138e+08
1,686.6,410.2,0,,2.72138e+08
1,690.7,412.3,0,,2.72138e+08
1,688.8,435.1,0,,2.72139e+08
1,688.8,435.1,0,,2.72139e+08
1,688.5,435.7,0,,2.72139e+08
1,689.4,430.7,0,,2.72139e+08
1,689.4,430.7,0,,2.72139e+08
1,684.2,431.8,0,,2.72139e+08
1,683.6,427.2,0,,2.72139e+08
1,683.6,427.2,0,,2.72139e+08
1,683.6,427.2,0,,2.72139e+08
1,679.7,435.5,0,,2.72139e+08
1,679.7,435.5,0,,2.72139e+08
1,679.7,451.4,0,,2.72139e+08
1,679.7,451.4,0,,2.72139e+08
1,684.1,448.4,0,,2.72139e+08
1,684.1,448.4,0,,2.72139e+08
1,683.2,450.3,0,,2.72139e+08
1,683.3,447.9,0,,2.72139e+08
1,683.3,447.9,0,,2.72139e+08
1,683.3,447.9,0,,2.72139e+08
1,688.5,408.3,0,,2.72139e+08
1,691.1,394.2,0,,2.72139e+08
1,691.1,394.2,0,,2.72139e+08
1,686.9,402.6,0,,2.72139e+08
1,686.9,402.6,0,,2.72139e+08
1,684.3,410.8,0,,2.72139e+08
1,685.8,411.3,0,,2.72139e+08
1,685.8,411.3,0,,2.72139e+08
1,691,419.6,0,,2.72139e+08
1,700.1,435.9,0,,2.72139e+08
1,700.1,435.9,0,,2.72139e+08
1,757.3,432.3,0,,2.72139e+08
1,757.3,432.3,0,,2.72139e+08
1,757.3,432.3,0,,2.72139e+08
1,796.8,429.9,0,,2.72139e+08
1,796.8,429.9,0,,2.72139e+08
1,796.8,429.9,0,,2.72139e+08
1,795.3,433.9,0,,2.72139e+08
1,795.3,433.9,0,,2.72139e+08
1,799.7,437.7,0,,2.72139e+08
1,802.7,441.6,0,,2.72139e+08
1,803.5,449.1,0,,2.72139e+08
1,801.8,479.9,0,,2.72139e+08
1,801.8,479.9,0,,2.72139e+08
1,837.4,540.5,0,,2.72139e+08
1,837.4,540.5,0,,2.72139e+08
1,837.4,540.5,0,,2.72139e+08
1,862.1,597.8,0,,2.72139e+08
1,860,611.4,0,,2.72139e+08
1,858.1,621.6,0,,2.72139e+08
1,856,623.3,0,,2.72139e+08
1,856,623.3,0,,2.72139e+08
1,851.4,622.3,0,,2.72139e+08
1,851.2,623.2,0,,2.72139e+08
1,851.2,623.2,0,,2.72139e+08
1,850.5,624.6,0,,2.72139e+08
1,849.7,628.4,0,,2.72139e+08
1,849.7,628.4,0,,2.72139e+08
1,852,626,0,,2.72139e+08
1,852,626,0,,2.72139e+08
1,851,628.7,0,,2.72139e+08
1,851.3,625.6,0,,2.72139e+08
1,851.3,625.6,0,,2.72139e+08
1,851.3,625.6,0,,2.72139e+08
1,852.6,629.5,0,,2.7214e+08
1,852.6,629.5,0,,2.7214e+08
1,856.5,638.3,0,,2.7214e+08
1,857.1,637.6,0,,2.7214e+08
1,858.6,641.2,0,,2.7214e+08
1,858.6,641.2,0,,2.7214e+08
1,860,640.8,0,,2.7214e+08
1,863.3,638,0,,2.7214e+08
1,863.3,638,0,,2.7214e+08
1,863.3,638,0,,2.7214e+08
1,862.4,637,0,,2.7214e+08
1,862.4,637,0,,2.7214e+08
1,857.2,641.9,0,,2.7214e+08
1,857.9,642.3,0,,2.7214e+08
1,857.9,642.3,0,,2.7214e+08
1,859.8,647.2,0,,2.7214e+08
1,881.7,654.1,0,,2.7214e+08
1,881.7,654.1,0,,2.7214e+08
1,1141.2,666.1,0,,2.7214e+08
1,1163.4,666.1,0,,2.7214e+08
1,1163.4,666.1,0,,2.7214e+08
1,1187.2,667.5,0,,2.7214e+08
1,1187.2,667.5,0,,2.7214e+08
1,1191.3,669.9,0,,2.7214e+08
1,1191.8,671.4,0,,2.7214e+08
1,1191.8,671.4,0,,2.7214e+08
1,1191.8,671.4,0,,2.7214e+08
1,1193.2,671.9,0,,2.7214e+08
1,1193.2,671.9,0,,2.7214e+08
1,1192.1,670.2,0,,2.7214e+08
1,1192,668.7,0,,2.7214e+08
1,1192,668.7,0,,2.7214e+08
1,1191.7,684.2,0,,2.7214e+08
1,1191.7,684.2,0,,2.7214e+08
1,1202.8,686.8,0,,2.7214e+08
1,1202.8,686.8,0,,2.7214e+08
1,1202.8,686.8,0,,2.7214e+08
1,1219.2,685.2,0,,2.7214e+08
1,1227,688.6,0,,2.7214e+08
1,1299.1,667.5,0,,2.7214e+08
1,1311.1,654.6,0,,2.7214e+08
1,1311.1,654.6,0,,2.7214e+08
1,1319.1,648.1,0,,2.7214e+08
1,1319.7,648.2,0,,2.7214e+08
1,1319.7,648.2,0,,2.7214e+08
1,1330,647.7,0,,2.7214e+08
1,1330,647.7,0,,2.7214e+08
1,1336.7,648.5,0,,2.7214e+08
1,1335.2,645.2,0,,2.7214e+08
1,1335.2,645.2,0,,2.7214e+08
1,1332.4,644.9,0,,2.7214e+08
1,1330.5,650.6,0,,2.7214e+08
1,1330.5,650.6,0,,2.7214e+08
1,1330.5,650.6,0,,2.7214e+08
1,1314.7,668,0,,2.7214e+08
1,1314.7,668,0,,2.7214e+08
1,1314.5,668.2,0,,2.7214e+08
1,1314.4,668.3,0,,2.7214e+08
1,1314.4,668.3,0,,2.7214e+08
1,837.5,720.6,0,,2.72141e+08
1,837.5,720.6,0,,2.72141e+08
1,837.3,716.6,0,,2.72141e+08
1,837.3,716.6,0,,2.72141e+08
1,837.3,716.6,0,,2.72141e+08
1,848.9,704,0,,2.72141e+08
1,846.9,705.2,0,,2.72141e+08
1,846.9,705.2,0,,2.72141e+08
1,843.3,708.8,0,,2.72141e+08
1,843.3,708.8,0,,2.72141e+08
1,843.4,704.9,0,,2.72141e+08
1,844,703.6,0,,2.72141e+08
1,844,703.6,0,,2.72141e+08
1,845.9,702.7,0,,2.72141e+08
1,848.9,693.1,0,,2.72141e+08
1,848.7,705.7,0,,2.72141e+08
1,846.1,717.6,0,,2.72141e+08
1,846.1,717.6,0,,2.72141e+08
1,843.7,732.5,0,,2.72141e+08
1,844.2,733.8,0,,2.72141e+08
1,844.2,733.8,0,,2.72141e+08
1,844.2,733.8,0,,2.72141e+08
1,844.1,727.2,0,,2.72141e+08
1,844.1,727.2,0,,2.72141e+08
1,842.5,725.1,0,,2.72141e+08
1,841.3,725,0,,2.72141e+08
1,841.3,725,0,,2.72141e+08
1,841,724.7,0,,2.72141e+08
1,841,724.7,0,,2.72141e+08
1,838.7,729.5,0,,2.72141e+08
1,838.7,729.5,0,,2.72141e+08
1,838.7,729.5,0,,2.72141e+08
1,839.3,730.9,0,,2.72141e+08
1,838.1,733.3,0,,2.72141e+08
1,838.1,733.3,0,,2.72141e+08
1,726.1,770.8,0,,2.72141e+08
1,711.1,770.8,0,,2.72141e+08
1,711.1,770.8,0,,2.72141e+08
1,685.1,788,0,,2.72141e+08
1,685.1,788,0,,2.72141e+08
1,654.5,790.6,0,,2.72141e+08
1,650.1,798.8,0,,2.72141e+08
1,650.1,798.8,0,,2.72141e+08
1,659.4,799.9,0,,2.72141e+08
1,661.1,798,0,,2.72141e+08
1,671.3,809.7,0,,2.72141e+08
1,675.5,808.8,0,,2.72141e+08
1,675.5,808.8,0,,2.72141e+08
1,675.5,808.8,0,,2.72141e+08
1,682,806.5,0,,2.72141e+08
1,682,806.5,0,,2.72141e+08
1,685.2,802,0,,2.72141e+08
1,685.9,800.6,0,,2.72141e+08
1,696.8,807.9,0,,2.72141e+08
1,720.8,822,0,,2.72141e+08
1,720.8,822,0,,2.72141e+08
1,749.1,823.7,0,,2.72141e+08
1,749.1,823.7,0,,2.72141e+08
1,749.1,823.7,0,,2.72141e+08
1,817.1,835.9,0,,2.72142e+08
1,843,854.8,0,,2.72142e+08
1,843,854.8,0,,2.72142e+08
1,1005.1,853.1,0,,2.72142e+08
1,1005.1,853.1,0,,2.72142e+08
1,1026.3,852.8,0,,2.72142e+08
1,1065.8,850.5,0,,2.72142e+08
1,1065.8,850.5,0,,2.72142e+08
1,1228.3,838.6,0,,2.72142e+08
1,1230.4,833,0,,2.72142e+08
1,1230.4,833,0,,2.72142e+08
1,1235,827.2,0,,2.72142e+08
1,1235,827.2,0,,2.72142e+08
1,1238.2,819.3,0,,2.72142e+08
1,1238.5,821.9,0,,2.72142e+08
1,1238.5,821.9,0,,2.72142e+08
1,1238.5,821.9,0,,2.72142e+08
1,1277.8,819,0,,2.72142e+08
1,1277.8,819,0,,2.72142e+08
1,1303.9,814,0,,2.72142e+08
1,1335.8,814.3,0,,2.72142e+08
1,1353.6,813.1,0,,2.72142e+08
1,1349.6,811.7,0,,2.72142e+08
1,1349.6,811.7,0,,2.72142e+08
1,1344.8,810,0,,2.72142e+08
1,1344.8,810,0,,2.72142e+08
1,1344.8,810,0,,2.72142e+08
1,1345.4,812.9,0,,2.72142e+08
1,1345.5,810.6,0,,2.72142e+08
1,1345.5,810.6,0,,2.72142e+08
1,1282.8,793.8,0,,2.72142e+08
1,1282.8,793.8,0,,2.72142e+08
1,1015.2,608.2,0,,2.72142e+08
1,917.2,548.3,0,,2.72142e+08
1,917.2,548.3,0,,2.72142e+08
1,877.1,523.2,0,,2.72142e+08
1,850.4,513.8,0,,2.72142e+08
1,850.4,513.8,0,,2.72142e+08
1,807.2,467.6,0,,2.72142e+08
1,807.2,467.6,0,,2.72142e+08
1,803.5,473.4,0,,2.72142e+08
1,800,477.6,0,,2.72142e+08
1,800,477.6,0,,2.72142e+08
1,800,477.6,0,,2.72142e+08
1,795.1,493.7,0,,2.72142e+08
1,793.2,498.6,0,,2.72142e+08
1,790.6,504,0,,2.72142e+08
1,790.6,504,0,,2.72142e+08
1,790,503.2,0,,2.72142e+08
1,789.9,503.7,0,,2.72142e+08
1,789.9,503.7,0,,2.72142e+08
1,791.1,502,0,,2.72142e+08
1,791.1,502,0,,2.72142e+08
1,797.5,493.6,0,,2.72142e+08
1,796,495.9,0,,2.72142e+08
1,796,495.9,0,,2.72142e+08
1,790.9,500.6,0,,2.72142e+08
1,773.6,514.5,0,,2.72142e+08
1,773.6,514.5,0,,2.72142e+08
1,718.7,543.8,0,,2.72142e+08
1,700.2,553.4,0,,2.72143e+08
1,700.2,553.4,0,,2.72143e+08
1,648.8,581.3,0,,2.72143e+08
1,650.2,579.1,0,,2.72143e+08
1,650.2,580.6,0,,2.72143e+08
1,650,581,0,,2.72143e+08
1,650,581,0,,2.72143e+08
1,651.1,576.7,0,,2.72143e+08
1,649.6,567.5,0,,2.72143e+08
1,649.6,567.5,0,,2.72143e+08
1,638,556.8,0,,2.72143e+08
1,638,556.8,0,,2.72143e+08
1,603,573.1,0,,2.72143e+08
1,598.3,574.1,0,,2.72143e+08
1,598.3,574.1,0,,2.72143e+08
1,548.7,578.2,0,,2.72143e+08
1,548.8,573.8,0,,2.72143e+08
1,548.8,573.8,0,,2.72143e+08
1,550.4,570.6,0,,2.72143e+08
1,550.4,570.6,0,,2.72143e+08
1,550.4,570.6,0,,2.72143e+08
1,559.5,551.1,0,,2.72143e+08
1,564.4,542.4,0,,2.72143e+08
1,632.7,391.3,0,,2.72143e+08
1,640.5,368.3,0,,2.72143e+08
1,640.5,368.3,0,,2.72143e+08
1,647.7,352.7,0,,2.72143e+08
1,646.7,358.1,0,,2.72143e+08
1,646.7,358.1,0,,2.72143e+08
1,646.4,357.8,0,,2.72143e+08
1,662.3,313.6,0,,2.72143e+08
1,662.3,313.6,0,,2.72143e+08
1,652.8,337.1,0,,2.72143e+08
1,652.8,337.1,0,,2.72143e+08
1,634.6,382.8,0,,2.72143e+08
1,623.8,385.2,0,,2.72143e+08
1,623.8,385.2,0,,2.72143e+08
1,623.8,385.2,0,,2.72143e+08
1,630.3,367.3,0,,2.72143e+08
1,630.3,367.3,0,,2.72143e+08
1,636,353.5,0,,2.72143e+08
1,564.9,491.9,0,,2.72143e+08
1,503.4,605.6,0,,2.72143e+08
1,503.4,605.6,0,,2.72143e+08
1,503.4,605.6,0,,2.72143e+08
1,503.4,605.6,0,,2.72143e+08
1,503.4,605.6,0,,2.72143e+08
1,503.4,605.6,0,,2.72143e+08
1,503.4,605.6,0,,2.72143e+08
1,503.4,605.6,0,,2.72143e+08
1,503.4,605.6,0,,2.72143e+08
1,503.4,605.6,0,,2.72143e+08
1,503.4,605.6,0,,2.72143e+08
1,475.9,616.1,0,,2.72143e+08
1,481.1,613.5,0,,2.72143e+08
1,481.1,613.5,0,,2.72143e+08
1,372.6,586.6,0,,2.72143e+08
1,372.6,586.6,0,,2.72143e+08
1,335.3,575.2,0,,2.72143e+08
1,335.9,573,0,,2.72144e+08
1,335.9,573,0,,2.72144e+08
1,336,576,0,,2.72144e+08
1,334.9,577.8,0,,2.72144e+08
1,334.9,577.8,0,,2.72144e+08
1,334.9,577.8,0,,2.72144e+08
1,334.3,578.8,0,,2.72144e+08
1,334.3,578.8,0,,2.72144e+08
1,340.2,575.5,0,,2.72144e+08
1,340.2,575.5,0,,2.72144e+08
1,348.8,578.4,0,,2.72144e+08
1,354,575.3,0,,2.72144e+08
1,354,575.3,0,,2.72144e+08
1,355.7,572.4,0,,2.72144e+08
1,355.7,572.4,0,,2.72144e+08
1,355.7,572.4,0,,2.72144e+08
1,362.5,580.7,0,,2.72144e+08
1,362.5,580.7,0,,2.72144e+08
1,579.5,607.5,0,,2.72144e+08
1,664.5,615.6,0,,2.72144e+08
1,664.5,615.6,0,,2.72144e+08
1,761.2,618.4,0,,2.72144e+08
1,753.8,618.9,0,,2.72144e+08
1,753.8,618.9,0,,2.72144e+08
1,1100.2,628,0,,2.72144e+08
1,1099.6,631.1,0,,2.72144e+08
1,1100,629.7,0,,2.72144e+08
1,1100.7,624.9,0,,2.72144e+08
1,1100.7,624.9,0,,2.72144e+08
1,1104.5,621.5,0,,2.72144e+08
1,1102.8,623.4,0,,2.72144e+08
1,1102.8,623.4,0,,2.72144e+08
1,1102.8,623.4,0,,2.72144e+08
1,1104.2,628.9,0,,2.72144e+08
1,1104.2,628.9,0,,2.72144e+08
1,1099,635.3,0,,2.72144e+08
1,1099,635.3,0,,2.72144e+08
1,1157.4,587.7,0,,2.72144e+08
1,1167.4,586.9,0,,2.72144e+08
1,1167.4,586.9,0,,2.72144e+08
1,1170.2,586.4,0,,2.72144e+08
1,1170.2,586.4,0,,2.72144e+08
1,1170.2,586.4,0,,2.72144e+08
1,1177.6,591.1,0,,2.72144e+08
1,1175.6,586.4,0,,2.72144e+08
1,1177.7,585.8,0,,2.72144e+08
1,1177,586.6,0,,2.72144e+08
1,1177,586.6,0,,2.72144e+08
1,1177.4,589.7,0,,2.72144e+08
1,1176.9,592,0,,2.72144e+08
1,1176.9,592,0,,2.72144e+08
1,1176.8,594.3,0,,2.72144e+08
1,1177.3,593.5,0,,2.72144e+08
1,1177.3,593.5,0,,2.72144e+08
1,1353.5,587.2,0,,2.72144e+08
1,1353.5,587.2,0,,2.72144e+08
1,1394.2,585.9,0,,2.72144e+08
1,1402.5,589.1,0,,2.72144e+08
1,1402.5,589.1,0,,2.72144e+08
1,1402.5,589.1,0,,2.72144e+08
1,1411.2,592.7,0,,2.72144e+08
1,1417.1,597.7,0,,2.72145e+08
1,1411.4,594.3,0,,2.72145e+08
1,1411.4,594.3,0,,2.72145e+08
1,1417.2,585.9,0,,2.72145e+08
1,1424.4,580.9,0,,2.72145e+08
1,1424.4,580.9,0,,2.72145e+08
1,1423.4,578.9,0,,2.72145e+08
1,1423.4,578.9,0,,2.72145e+08
1,1423.4,578.9,0,,2.72145e+08
1,1414.3,586.7,0,,2.72145e+08
1,1414.3,586.7,0,,2.72145e+08
1,1407.6,598.9,0,,2.72145e+08
1,1401.8,605.3,0,,2.72145e+08
1,1401.8,605.3,0,,2.72145e+08
1,1406.5,608.9,0,,2.72145e+08
1,1406.5,608.9,0,,2.72145e+08
1,1406.5,608.9,0,,2.72145e+08
1,1406.5,608.9,0,,2.72145e+08
1,1406.5,608.9,0,,2.72145e+08
1,1406.5,608.9,0,,2.72145e+08
1,1406.5,608.9,0,,2.72145e+08
1,1406.5,608.9,0,,2.72145e+08
1,1406.5,608.9,0,,2.72145e+08
1,1320,926.3,0,,2.72145e+08
1,1320,926.3,0,,2.72145e+08
1,1320,926.3,0,,2.72145e+08
1,1263.9,642.7,0,,2.72145e+08
1,1263.9,642.7,0,,2.72145e+08
1,1271.3,643.1,0,,2.72145e+08
1,1271.3,643.1,0,,2.72145e+08
1,1266.8,640.6,0,,2.72145e+08
1,1264.6,638.2,0,,2.72145e+08
1,1264.6,638.2,0,,2.72145e+08
1,1267.8,634.4,0,,2.72145e+08
1,1267.8,634.4,0,,2.72145e+08
1,1267.8,634.4,0,,2.72145e+08
1,1270.1,635.1,0,,2.72145e+08
1,1270.1,635.1,0,,2.72145e+08
1,1258.7,650.5,0,,2.72145e+08
1,1241.4,656.1,0,,2.72145e+08
1,1241.4,656.1,0,,2.72145e+08
1,1199.9,659.8,0,,2.72145e+08
1,1168.4,663,0,,2.72145e+08
1,1168.4,663,0,,2.72145e+08
1,1117.3,664.8,0,,2.72145e+08
1,1123.3,658.3,0,,2.72145e+08
1,1123.3,658.3,0,,2.72145e+08
1,1124.4,660.6,0,,2.72145e+08
1,1124.4,660.6,0,,2.72145e+08
1,1118,661.5,0,,2.72145e+08
1,1117.7,659.5,0,,2.72145e+08
1,1117.7,659.5,0,,2.72145e+08
1,1111.4,665.1,0,,2.72145e+08
1,1111.4,665.1,0,,2.72145e+08
1,1101.2,669.3,0,,2.72145e+08
1,1082.5,676.9,0,,2.72145e+08
1,1082.5,676.9,0,,2.72145e+08
1,837.1,647.1,0,,2.72145e+08
1,818.3,644.3,0,,2.72145e+08
1,818.3,644.3,0,,2.72145e+08
1,780.4,657.3,0,,2.72146e+08
1,780.4,657.3,0,,2.72146e+08
1,779.1,672.2,0,,2.72146e+08
1,779.6,664.8,0,,2.72146e+08
1,779.6,664.8,0,,2.72146e+08
1,769.1,678.3,0,,2.72146e+08
1,770.8,686.7,0,,2.72146e+08
1,770.8,686.7,0,,2.72146e+08
1,774.3,691,0,,2.72146e+08
1,772.8,684.9,0,,2.72146e+08
1,772.8,684.9,0,,2.72146e+08
1,777.2,693.2,0,,2.72146e+08
1,776.6,692,0,,2.72146e+08
1,776.6,692,0,,2.72146e+08
1,768,686.2,0,,2.72146e+08
1,768,686.2,0,,2.72146e+08
1,768.4,689.7,0,,2.72146e+08
1,769.2,693.1,0,,2.72146e+08
1,769.2,693.1,0,,2.72146e+08
1,760.9,694.1,0,,2.72146e+08
1,760.9,694.1,0,,2.72146e+08
1,725.8,694.1,0,,2.72146e+08
1,666,707,0,,2.72146e+08
1,666,707,0,,2.72146e+08
1,635.1,714.2,0,,2.72146e+08
1,639.3,712.2,0,,2.72146e+08
1,639.3,712.2,0,,2.72146e+08
1,641.6,709.9,0,,2.72146e+08
1,641.6,709.9,0,,2.72146e+08
1,647.3,689.3,0,,2.72146e+08
1,645.1,693.1,0,,2.72146e+08
1,645.1,693.1,0,,2.72146e+08
1,645.3,688.6,0,,2.72146e+08
1,643.2,695.3,0,,2.72146e+08
1,643.2,695.3,0,,2.72146e+08
1,636.9,704.4,0,,2.72146e+08
1,638.9,701.9,0,,2.72146e+08
1,638.9,701.9,0,,2.72146e+08
1,634.8,701.1,0,,2.72146e+08
1,634.7,702.2,0,,2.72146e+08
1,617.5,706.5,0,,2.72146e+08
1,610.5,708,0,,2.72146e+08
1,610.5,708,0,,2.72146e+08
1,548.3,707.1,0,,2.72146e+08
1,514.1,709.8,0,,2.72146e+08
1,514.1,709.8,0,,2.72146e+08
1,514.1,709.8,0,,2.72146e+08
1,466,704.1,0,,2.72146e+08
1,463.7,704.5,0,,2.72146e+08
1,465.3,707.3,0,,2.72146e+08
1,465.3,707.3,0,,2.72146e+08
1,466.9,710.6,0,,2.72146e+08
1,466.7,710.1,0,,2.72146e+08
1,466.7,710.1,0,,2.72146e+08
1,461.4,706,0,,2.72146e+08
1,461.4,706,0,,2.72146e+08
1,445.6,707.2,0,,2.72146e+08
1,446.8,716.5,0,,2.72146e+08
1,446.8,716.5,0,,2.72146e+08
1,448.9,712.6,0,,2.72147e+08
1,449.3,712.1,0,,2.72147e+08
1,449.3,712.1,0,,2.72147e+08
1,451.6,715.1,0,,2.72147e+08
1,450.9,715.2,0,,2.72147e+08
1,447.9,700.1,0,,2.72147e+08
1,448.1,701.7,0,,2.72147e+08
1,448.1,701.7,0,,2.72147e+08
1,447.7,702.1,0,,2.72147e+08
1,451.4,703.6,0,,2.72147e+08
1,451.4,703.6,0,,2.72147e+08
1,452.7,708.2,0,,2.72147e+08
1,452,705.9,0,,2.72147e+08
1,452,705.9,0,,2.72147e+08
1,452,705.9,0,,2.72147e+08
1,446.5,699.4,0,,2.72147e+08
1,446,688.1,0,,2.72147e+08
1,445.9,688.2,0,,2.72147e+08
1,445.9,688.2,0,,2.72147e+08
1,445.6,689,0,,2.72147e+08
1,446.8,688.1,0,,2.72147e+08
1,446.8,688.1,0,,2.72147e+08
1,451.1,688.3,0,,2.72147e+08
1,451.1,688.3,0,,2.72147e+08
1,458.2,697,0,,2.72147e+08
1,471.5,720.5,0,,2.72147e+08
1,471.5,720.5,0,,2.72147e+08
1,523.2,750.7,0,,2.72147e+08
1,531.4,755.2,0,,2.72147e+08
1,531.4,755.2,0,,2.72147e+08
1,578.3,769.6,0,,2.72147e+08
1,577.7,770.3,0,,2.72147e+08
1,577.7,770.3,0,,2.72147e+08
1,576.2,776.5,0,,2.72147e+08
1,577.1,778.3,0,,2.72147e+08
1,576.3,780.6,0,,2.72147e+08
1,576.6,779,0,,2.72147e+08
1,576.6,779,0,,2.72147e+08
1,577.8,775.8,0,,2.72147e+08
1,577.5,774.8,0,,2.72147e+08
1,577.5,774.8,0,,2.72147e+08
1,577.5,774.8,0,,2.72147e+08
1,581.7,773.3,0,,2.72147e+08
1,581.7,773.3,0,,2.72147e+08
1,576.1,762.1,0,,2.72147e+08
1,576.1,762.1,0,,2.72147e+08
1,577.4,765,0,,2.72147e+08
1,580,768.4,0,,2.72147e+08
1,576.7,779.1,0,,2.72147e+08
1,576.7,779.1,0,,2.72147e+08
1,576.7,779.1,0,,2.72147e+08
1,577.1,777.5,0,,2.72147e+08
1,576.6,780.7,0,,2.72147e+08
1,576.6,780.7,0,,2.72147e+08
1,581.2,788.3,0,,2.72147e+08
1,578.7,790.4,0,,2.72147e+08
1,578.7,790.4,0,,2.72147e+08
1,577,783.9,0,,2.72147e+08
1,576.3,783.6,0,,2.72147e+08
1,576.3,781.4,0,,2.72147e+08
1,577.5,781.2,0,,2.72148e+08
1,577.5,781.2,0,,2.72148e+08
1,589.6,789.1,0,,2.72148e+08
1,588.2,787.5,0,,2.72148e+08
1,588.2,787.5,0,,2.72148e+08
1,724.4,784.6,0,,2.72148e+08
1,724.4,784.6,0,,2.72148e+08
1,724.4,784.6,0,,2.72148e+08
1,724.4,784.6,0,,2.72148e+08
1,933.2,819.1,0,,2.72148e+08
1,933.2,819.1,0,,2.72148e+08
1,1068.5,805.8,0,,2.72148e+08
1,1066.5,811.6,0,,2.72148e+08
1,1065,809.5,0,,2.72148e+08
1,1063.8,816.2,0,,2.72148e+08
1,1063.8,816.2,0,,2.72148e+08
1,1065.5,817.4,0,,2.72148e+08
1,1065.5,817.4,0,,2.72148e+08
1,1065.2,814.8,0,,2.72148e+08
1,1066.5,806.4,0,,2.72148e+08
1,1066.5,806.4,0,,2.72148e+08
1,1076.7,805.8,0,,2.72148e+08
1,1086.4,807.8,0,,2.72148e+08
1,1086.4,807.8,0,,2.72148e+08
1,1087.3,806.2,0,,2.72148e+08
1,1098.2,808.8,0,,2.72148e+08
1,1108,817.4,0,,2.72148e+08
1,1108.7,816.1,0,,2.72148e+08
1,1108.7,816.1,0,,2.72148e+08
1,1114.3,811.9,0,,2.72148e+08
1,1116.7,812.7,0,,2.72148e+08
1,1116.7,812.7,0,,2.72148e+08
1,1116.8,812.1,0,,2.72148e+08
1,1113.9,809.6,0,,2.72148e+08
1,1113.9,809.6,0,,2.72148e+08
1,1113.9,809.6,0,,2.72148e+08
1,1121.5,807.1,0,,2.72148e+08
1,1121.5,807.1,0,,2.72148e+08
1,1258.9,804.6,0,,2.72148e+08
1,1258.9,804.6,0,,2.72148e+08
1,1331.5,808,0,,2.72148e+08
1,1329.7,808,0,,2.72148e+08
1,1329.7,808,0,,2.72148e+08
1,1333.6,802.8,0,,2.72148e+08
1,1333.6,802.8,0,,2.72148e+08
1,1328.9,803.4,0,,2.72148e+08
1,1333.2,801.5,0,,2.72148e+08
1,1333.2,801.5,0,,2.72148e+08
1,1345.4,796.9,0,,2.72148e+08
1,1340.6,801.3,0,,2.72148e+08
1,1340.6,801.3,0,,2.72148e+08
1,1339.6,803.4,0,,2.72148e+08
1,1342.1,801.5,0,,2.72148e+08
1,1342.1,801.5,0,,2.72148e+08
1,1334.8,820.5,0,,2.72148e+08
1,1334.8,820.5,0,,2.72148e+08
1,1333.1,822.9,0,,2.72148e+08
1,1331.5,823.3,0,,2.72148e+08
1,1331.5,823.3,0,,2.72148e+08
1,1327.5,823.7,0,,2.72148e+08
1,1286.9,819.8,0,,2.72149e+08
1,1286.9,819.8,0,,2.72149e+08
1,1286.9,819.8,0,,2.72149e+08
1,988,713.7,0,,2.72149e+08
1,691.6,637.4,0,,2.72149e+08
1,680.7,635.5,0,,2.72149e+08
1,680.7,635.5,0,,2.72149e+08
1,671.6,627,0,,2.72149e+08
1,669.4,625.8,0,,2.72149e+08
1,669.4,625.8,0,,2.72149e+08
1,669.8,623.3,0,,2.72149e+08
1,669.8,623.3,0,,2.72149e+08
1,681,624.4,0,,2.72149e+08
1,680.9,617.4,0,,2.72149e+08
1,680.9,617.4,0,,2.72149e+08
1,798.1,646.2,0,,2.72149e+08
1,837.1,658.3,0,,2.72149e+08
1,1059,705.2,0,,2.72149e+08
1,1059,705.2,0,,2.72149e+08
1,1093,711.8,0,,2.72149e+08
1,1093,711.8,0,,2.72149e+08
1,1306.7,759.3,0,,2.72149e+08
1,1304.2,764.3,0,,2.72149e+08
1,1295.8,775.2,0,,2.72149e+08
1,1295.2,776.2,0,,2.72149e+08
1,1295.2,776.2,0,,2.72149e+08
1,1302.9,779,0,,2.72149e+08
1,1323.6,785.6,0,,2.72149e+08
1,1323.6,785.6,0,,2.72149e+08
1,1323.6,785.6,0,,2.72149e+08
1,1339.3,792.6,0,,2.72149e+08
1,1372.8,810.3,0,,2.72149e+08
1,1372.9,810.8,0,,2.72149e+08
1,1372.9,810.8,0,,2.72149e+08
1,1375.4,814.4,0,,2.72149e+08
1,1375.3,813.9,0,,2.72149e+08
1,1375.3,813.9,0,,2.72149e+08
1,1371.5,808.6,0,,2.72149e+08
1,1371.5,808.6,0,,2.72149e+08
1,1382.7,808.6,0,,2.72149e+08
1,1381.8,808.4,0,,2.72149e+08
1,1381.8,808.4,0,,2.72149e+08
1,1431.3,824.4,0,,2.72149e+08
1,1455.3,814.4,0,,2.72149e+08
1,1455.3,814.4,0,,2.72149e+08
1,1465.3,807,0,,2.72149e+08
1,1466.2,804.6,0,,2.72149e+08
1,1466.2,804.6,0,,2.72149e+08
1,1455.5,799.5,0,,2.72149e+08
1,1455.5,799.5,0,,2.72149e+08
1,1455.5,799.5,0,,2.72149e+08
1,1455.5,799.5,0,,2.72149e+08
1,1455.5,799.5,0,,2.72149e+08
1,1455.5,799.5,0,,2.72149e+08
1,1455.5,799.5,0,,2.72149e+08
1,1455.5,799.5,0,,2.72149e+08
1,810,526.1,0,,2.72149e+08
1,810,526.1,0,,2.72149e+08
1,818,506,0,,2.72149e+08
1,827,483.1,0,,2.72149e+08
1,827,483.1,0,,2.72149e+08
1,823.6,488.3,0,,2.7215e+08
1,825.6,488.8,0,,2.7215e+08
1,825.6,488.8,0,,2.7215e+08
1,831.2,485.3,0,,2.7215e+08
1,831.2,485.3,0,,2.7215e+08
1,834.2,502.8,0,,2.7215e+08
1,831.8,501.5,0,,2.7215e+08
1,831.8,501.5,0,,2.7215e+08
1,829.6,501.3,0,,2.7215e+08
1,829.7,499.3,0,,2.7215e+08
1,829.7,499.3,0,,2.7215e+08
1,826.3,500.3,0,,2.7215e+08
1,825.1,499.9,0,,2.7215e+08
1,825.1,499.9,0,,2.7215e+08
1,815.1,506.8,0,,2.7215e+08
1,815.1,506.8,0,,2.7215e+08
1,784.7,484.1,0,,2.7215e+08
1,763.6,454.5,0,,2.7215e+08
1,763.6,454.5,0,,2.7215e+08
1,752.9,433.8,0,,2.7215e+08
1,752.9,433.8,0,,2.7215e+08
1,752.9,433.8,0,,2.7215e+08
1,748.4,432.9,0,,2.7215e+08
1,748.4,432.9,0,,2.7215e+08
1,760.2,433.1,0,,2.7215e+08
1,758.4,431.2,0,,2.7215e+08
1,758.4,431.2,0,,2.7215e+08
1,757.2,416.7,0,,2.7215e+08
1,758.7,416.6,0,,2.7215e+08
1,758.7,416.6,0,,2.7215e+08
1,755.2,419,0,,2.7215e+08
1,755.2,419,0,,2.7215e+08
1,750.2,432.7,0,,2.7215e+08
1,749.6,430.9,0,,2.7215e+08
1,749.6,430.9,0,,2.7215e+08
1,743.1,427.8,0,,2.7215e+08
1,743.7,427.4,0,,2.7215e+08
1,743.7,427.4,0,,2.7215e+08
1,741.7,424.9,0,,2.7215e+08
1,741.8,425.8,0,,2.7215e+08
1,741.8,425.8,0,,2.7215e+08
1,748.1,408.9,0,,2.7215e+08
1,748.1,408.9,0,,2.7215e+08
1,736.4,393.5,0,,2.7215e+08
1,740.1,396.8,0,,2.7215e+08
1,740.1,396.8,0,,2.7215e+08
1,745.7,404.1,0,,2.7215e+08
1,747.1,397.2,0,,2.7215e+08
1,747.1,397.2,0,,2.7215e+08
1,752.4,402.1,0,,2.7215e+08
1,752.4,402.1,0,,2.7215e+08
1,756.6,389.1,0,,2.7215e+08
1,760.4,391.1,0,,2.7215e+08
1,760.4,391.1,0,,2.7215e+08
1,758.9,389.1,0,,2.7215e+08
1,760.3,388.2,0,,2.7215e+08
1,760.3,388.2,0,,2.7215e+08
1,759.6,391.2,0,,2.7215e+08
1,759.6,391.2,0,,2.7215e+08
1,758.1,392.1,0,,2.72151e+08
1,758.6,390.8,0,,2.72151e+08
1,758.6,390.8,0,,2.72151e+08
1,758.1,399.3,0,,2.72151e+08
1,757.1,399.2,0,,2.72151e+08
1,757.1,399.2,0,,2.72151e+08
1,754.8,397.8,0,,2.72151e+08
1,754,399.4,0,,2.72151e+08
1,754,399.4,0,,2.72151e+08
1,761.3,423.7,0,,2.72151e+08
1,761.3,423.7,0,,2.72151e+08
1,792.5,420.4,0,,2.72151e+08
1,805.3,415.7,0,,2.72151e+08
1,805.3,415.7,0,,2.72151e+08
1,845.3,406,0,,2.72151e+08
1,845.3,406,0,,2.72151e+08
1,845.3,406,0,,2.72151e+08
1,841.9,409.8,0,,2.72151e+08
1,841.9,409.8,0,,2.72151e+08
1,840.6,417.7,0,,2.72151e+08
1,842.5,414.4,0,,2.72151e+08
1,842.5,414.4,0,,2.72151e+08
1,833.2,411.1,0,,2.72151e+08
1,833.2,411.1,0,,2.72151e+08
1,833.2,411.1,0,,2.72151e+08
1,800.9,411.4,0,,2.72151e+08
1,800.9,411.4,0,,2.72151e+08
1,800.9,411.4,0,,2.72151e+08
1,708.4,447.6,0,,2.72151e+08
1,708.4,447.6,0,,2.72151e+08
1,602.8,458.5,0,,2.72151e+08
1,590.1,459.2,0,,2.72151e+08
1,590.1,459.2,0,,2.72151e+08
1,583.1,439,0,,2.72151e+08
1,583.9,439.4,0,,2.72151e+08
1,583.9,439.4,0,,2.72151e+08
1,586.1,433.9,0,,2.72151e+08
1,586.1,433.9,0,,2.72151e+08
1,583.1,457.5,0,,2.72151e+08
1,583.8,461.1,0,,2.72151e+08
1,583.8,461.1,0,,2.72151e+08
1,664,461.4,0,,2.72151e+08
1,664,461.4,0,,2.72151e+08
1,664,461.4,0,,2.72151e+08
1,664,461.4,0,,2.72151e+08
1,721.5,448.5,0,,2.72151e+08
1,775,471.6,0,,2.72151e+08
1,774.6,480.2,0,,2.72151e+08
1,774.6,480.2,0,,2.72151e+08
1,774.9,504.5,0,,2.72151e+08
1,774.9,504.5,0,,2.72151e+08
1,773.3,506.1,0,,2.72151e+08
1,773.3,506.1,0,,2.72151e+08
1,773.3,506.1,0,,2.72151e+08
1,753.2,516.1,0,,2.72151e+08
1,759.1,514.3,0,,2.72151e+08
1,759.1,514.3,0,,2.72151e+08
1,431.2,504.2,0,,2.72151e+08
1,392.8,501.3,0,,2.72151e+08
1,392.8,501.3,0,,2.72151e+08
1,383.9,499,0,,2.72152e+08
1,371.6,497.7,0,,2.72152e+08
1,345.3,463.1,0,,2.72152e+08
1,347.2,470.7,0,,2.72152e+08
1,347.2,470.7,0,,2.72152e+08
1,347.3,472.5,0,,2.72152e+08
1,352.2,470.8,0,,2.72152e+08
1,352.2,470.8,0,,2.72152e+08
1,355.6,467.8,0,,2.72152e+08
1,358.4,464.3,0,,2.72152e+08
1,358.4,464.3,0,,2.72152e+08
1,358.7,445.2,0,,2.72152e+08
1,358.7,445.2,0,,2.72152e+08
1,356,433.2,0,,2.72152e+08
1,356.4,423.5,0,,2.72152e+08
1,356.4,423.5,0,,2.72152e+08
1,358.4,419.1,0,,2.72152e+08
1,358.3,418.4,0,,2.72152e+08
1,408.9,422.3,0,,2.72152e+08
1,408.9,422.3,0,,2.72152e+08
1,408.9,422.3,0,,2.72152e+08
1,443.2,426.8,0,,2.72152e+08
1,460.6,428.3,0,,2.72152e+08
1,460.6,428.3,0,,2.72152e+08
1,520.2,407.7,0,,2.72152e+08
1,520.2,407.7,0,,2.72152e+08
1,520.5,408.4,0,,2.72152e+08
1,525.1,418.7,0,,2.72152e+08
1,525.1,418.7,0,,2.72152e+08
1,528.1,402.5,0,,2.72152e+08
1,528.6,400,0,,2.72152e+08
1,528.6,400,0,,2.72152e+08
1,534.5,420.7,0,,2.72152e+08
1,559.5,476.7,0,,2.72152e+08
1,617.8,525.4,0,,2.72152e+08
1,617.8,525.4,0,,2.72152e+08
1,634.1,533.8,0,,2.72152e+08
1,634.1,533.8,0,,2.72152e+08
1,735.6,606.9,0,,2.72152e+08
1,735.6,606.9,0,,2.72152e+08
1,730.8,596.8,0,,2.72152e+08
1,729.6,605,0,,2.72152e+08
1,729.6,605,0,,2.72152e+08
1,732.1,598.6,0,,2.72152e+08
1,732.9,594.1,0,,2.72152e+08
1,732.7,590.8,0,,2.72152e+08
1,732.7,590.8,0,,2.72152e+08
1,732.7,590.8,0,,2.72152e+08
1,729,587.4,0,,2.72152e+08
1,729.1,585.4,0,,2.72152e+08
1,729.1,585.4,0,,2.72152e+08
1,723,589.2,0,,2.72152e+08
1,723,591.2,0,,2.72152e+08
1,723,591.2,0,,2.72152e+08
1,723.2,585.5,0,,2.72152e+08
1,723.5,580.1,0,,2.72152e+08
1,723.5,580.1,0,,2.72152e+08
1,748.7,581.8,0,,2.72152e+08
1,748.7,581.8,0,,2.72152e+08
1,922.7,577.8,0,,2.72152e+08
1,946.8,578,0,,2.72153e+08
1,946.8,578,0,,2.72153e+08
1,982,578.1,0,,2.72153e+08
1,983.1,579.8,0,,2.72153e+08
1,983.1,579.8,0,,2.72153e+08
1,985.9,594.2,0,,2.72153e+08
1,985.9,594.2,0,,2.72153e+08
1,987.9,592.9,0,,2.72153e+08
1,1002.1,547.2,0,,2.72153e+08
1,1002.1,547.2,0,,2.72153e+08
1,1002.1,547.2,0,,2.72153e+08
1,1002.1,547.2,0,,2.72153e+08
1,1002.1,547.2,0,,2.72153e+08
1,1002.1,547.2,0,,2.72153e+08
1,1002.1,547.2,0,,2.72153e+08
1,1002.1,547.2,0,,2.72153e+08
1,1002.1,547.2,0,,2.72153e+08
1,1002.1,547.2,0,,2.72153e+08
1,1002.1,547.2,0,,2.72153e+08
1,1034.1,508.5,0,,2.72153e+08
1,1034.1,508.5,0,,2.72153e+08
1,1079.1,529.4,0,,2.72153e+08
1,1085.2,522.4,0,,2.72153e+08
1,1085.2,522.4,0,,2.72153e+08
1,1184,585.2,0,,2.72153e+08
1,1184,585.2,0,,2.72153e+08
1,1188.8,590.3,0,,2.72153e+08
1,1189.7,590.2,0,,2.72153e+08
1,1189.7,590.2,0,,2.72153e+08
1,1189.7,590.2,0,,2.72153e+08
1,1189.7,590.2,0,,2.72153e+08
1,1189.7,590.2,0,,2.72153e+08
1,1189.7,590.2,0,,2.72153e+08
1,1189.7,590.2,0,,2.72153e+08
1,1189.7,590.2,0,,2.72153e+08
1,919.9,1443.4,0,,2.72153e+08
1,919.9,1443.4,0,,2.72153e+08
1,828.1,421.2,0,,2.72153e+08
1,806.4,447,0,,2.72153e+08
1,780.3,454.1,0,,2.72153e+08
1,780.3,454.1,0,,2.72153e+08
1,780.3,454.1,0,,2.72153e+08
1,758.7,479.3,0,,2.72153e+08
1,759.2,483.6,0,,2.72153e+08
1,759.2,483.6,0,,2.72153e+08
1,759.8,483.1,0,,2.72153e+08
1,774.8,457.3,0,,2.72153e+08
1,774.8,457.3,0,,2.72153e+08
1,770.6,469.6,0,,2.72153e+08
1,767.7,464.6,0,,2.72153e+08
1,764,474.1,0,,2.72153e+08
1,763.6,498.3,0,,2.72153e+08
1,763.6,498.3,0,,2.72153e+08
1,762.1,509.3,0,,2.72153e+08
1,762.7,525.6,0,,2.72153e+08
1,762.7,525.6,0,,2.72153e+08
1,762.9,543.3,0,,2.72153e+08
1,762.9,543.3,0,,2.72153e+08
1,762.9,543.3,0,,2.72153e+08
1,719.3,507.5,0,,2.72153e+08
1,719.3,507.5,0,,2.72153e+08
1,711.2,496.9,0,,2.72154e+08
1,709.8,491.8,0,,2.72154e+08
1,709.8,491.8,0,,2.72154e+08
1,704.5,490.1,0,,2.72154e+08
1,701.7,487.8,0,,2.72154e+08
1,702.7,483.2,0,,2.72154e+08
1,702.7,483.2,0,,2.72154e+08
1,699.5,474.8,0,,2.72154e+08
1,700.7,478,0,,2.72154e+08
1,700.7,478,0,,2.72154e+08
1,700.8,464,0,,2.72154e+08
1,703.6,416.8,0,,2.72154e+08
1,701.5,434.1,0,,2.72154e+08
1,701.5,434.1,0,,2.72154e+08
1,702.5,426.7,0,,2.72154e+08
1,704.9,421.1,0,,2.72154e+08
1,706,416.2,0,,2.72154e+08
1,706,416.2,0,,2.72154e+08
1,702.7,436.7,0,,2.72154e+08
1,696.8,454,0,,2.72154e+08
1,696.8,454,0,,2.72154e+08
1,698.1,440.2,0,,2.72154e+08
1,706.1,409.8,0,,2.72154e+08
1,706.1,409.8,0,,2.72154e+08
1,704.5,395.9,0,,2.72154e+08
1,704.5,395.9,0,,2.72154e+08
1,704.3,409,0,,2.72154e+08
1,705.6,467.8,0,,2.72154e+08
1,705.6,467.8,0,,2.72154e+08
1,937.1,579.2,0,,2.72154e+08
1,937.1,579.2,0,,2.72154e+08
1,987.2,597.3,0,,2.72154e+08
1,987.2,597.3,0,,2.72154e+08
1,987.2,597.3,0,,2.72154e+08
1,1000.6,590.9,0,,2.72154e+08
1,1003.9,587,0,,2.72154e+08
1,1003.9,587,0,,2.72154e+08
1,1001.9,592,0,,2.72154e+08
1,1002.9,589.7,0,,2.72154e+08
1,1002.9,589.7,0,,2.72154e+08
1,1004.6,594.6,0,,2.72154e+08
1,1004.6,594.6,0,,2.72154e+08
1,999.5,589.8,0,,2.72154e+08
1,999.2,588.9,0,,2.72154e+08
1,999.2,588.9,0,,2.72154e+08
1,1006.5,575.4,0,,2.72154e+08
1,1006.5,575.4,0,,2.72154e+08
1,1007,578.9,0,,2.72154e+08
1,1004.5,581.5,0,,2.72154e+08
1,1004.5,581.5,0,,2.72154e+08
1,1004.5,581.5,0,,2.72154e+08
1,995.7,585.7,0,,2.72154e+08
1,995.7,585.7,0,,2.72154e+08
1,989.2,577.9,0,,2.72154e+08
1,782.5,461.2,0,,2.72154e+08
1,782.5,461.2,0,,2.72154e+08
1,755.9,444.4,0,,2.72154e+08
1,757.4,444.2,0,,2.72154e+08
1,761.8,415.3,0,,2.72155e+08
1,761.8,415.3,0,,2.72155e+08
1,761.8,415.3,0,,2.72155e+08
1,767.1,411.5,0,,2.72155e+08
1,767.8,408.3,0,,2.72155e+08
1,767.8,408.3,0,,2.72155e+08
1,767,412.5,0,,2.72155e+08
1,765,441.2,0,,2.72155e+08
1,765,441.2,0,,2.72155e+08
1,773,422.3,0,,2.72155e+08
1,773,422.3,0,,2.72155e+08
1,767.5,432.5,0,,2.72155e+08
1,761.6,441.9,0,,2.72155e+08
1,761.6,441.9,0,,2.72155e+08
1,754.8,456.4,0,,2.72155e+08
1,755.9,454.1,0,,2.72155e+08
1,755.9,454.1,0,,2.72155e+08
1,762,452.4,0,,2.72155e+08
1,762,452.4,0,,2.72155e+08
1,762,452.4,0,,2.72155e+08
1,766.5,445.6,0,,2.72155e+08
1,766.5,445.6,0,,2.72155e+08
1,760.4,439.6,0,,2.72155e+08
1,762,442.1,0,,2.72155e+08
1,762,442.1,0,,2.72155e+08
1,763.4,458,0,,2.72155e+08
1,763.4,459.8,0,,2.72155e+08
1,764.7,462,0,,2.72155e+08
1,764.7,462,0,,2.72155e+08
1,764.7,462,0,,2.72155e+08
1,764.7,460.6,0,,2.72155e+08
1,765.3,458.1,0,,2.72155e+08
1,765.3,458.1,0,,2.72155e+08
1,766,459.9,0,,2.72155e+08
1,768.6,470,0,,2.72155e+08
1,768.6,470,0,,2.72155e+08
1,762.7,474.8,0,,2.72155e+08
1,762.7,474.8,0,,2.72155e+08
1,761.8,481.6,0,,2.72155e+08
1,761.4,493,0,,2.72155e+08
1,761.4,493,0,,2.72155e+08
1,761.2,489.1,0,,2.72155e+08
1,765.1,485.1,0,,2.72155e+08
1,765.1,485.1,0,,2.72155e+08
1,766.6,482.1,0,,2.72155e+08
1,766.6,482.1,0,,2.72155e+08
1,766.6,482.1,0,,2.72155e+08
1,761,468.5,0,,2.72155e+08
1,761,468.5,0,,2.72155e+08
1,762.4,463.6,0,,2.72155e+08
1,763.8,462.7,0,,2.72155e+08
1,763.8,462.7,0,,2.72155e+08
1,770.8,459.5,0,,2.72155e+08
1,770.8,459.5,0,,2.72155e+08
1,772.7,457.9,0,,2.72155e+08
1,772.7,457.9,0,,2.72155e+08
1,772.7,457.9,0,,2.72155e+08
1,781.3,447.6,0,,2.72155e+08
1,785.8,447.3,0,,2.72155e+08
1,785.8,447.3,0,,2.72155e+08
1,799.7,460.5,0,,2.72156e+08
1,793.6,455,0,,2.72156e+08
1,792.6,454.4,0,,2.72156e+08
1,794.7,457.3,0,,2.72156e+08
1,794.7,457.3,0,,2.72156e+08
1,791.6,440.5,0,,2.72156e+08
1,792,440.7,0,,2.72156e+08
1,792,440.7,0,,2.72156e+08
1,793.3,440.4,0,,2.72156e+08
1,794,440.1,0,,2.72156e+08
1,791.5,460.2,0,,2.72156e+08
1,791.7,459.6,0,,2.72156e+08
1,791.7,459.6,0,,2.72156e+08
1,791.7,459.6,0,,2.72156e+08
1,791.7,459.6,0,,2.72156e+08
1,800.6,432.8,0,,2.72156e+08
1,768.4,473.4,0,,2.72156e+08
1,768.4,473.4,0,,2.72156e+08
1,745.1,494.4,0,,2.72156e+08
1,745,466,0,,2.72156e+08
1,745,466,0,,2.72156e+08
1,742.3,459.9,0,,2.72156e+08
1,742.3,459.9,0,,2.72156e+08
1,742.3,459.9,0,,2.72156e+08
1,737.2,473.4,0,,2.72156e+08
1,722.5,513.5,0,,2.72156e+08
1,722.5,513.5,0,,2.72156e+08
1,734.5,498.4,0,,2.72156e+08
1,731.4,503.3,0,,2.72156e+08
1,731.4,503.3,0,,2.72156e+08
1,737,507.6,0,,2.72156e+08
1,737,507.6,0,,2.72156e+08
1,767,559,0,,2.72156e+08
1,752.2,552.9,0,,2.72156e+08
1,752.2,552.9,0,,2.72156e+08
1,985.3,596.3,0,,2.72156e+08
1,1008.5,599.7,0,,2.72156e+08
1,1008.5,599.7,0,,2.72156e+08
1,1041.8,604.1,0,,2.72156e+08
1,1041.8,604.1,0,,2.72156e+08
1,1041.8,604.1,0,,2.72156e+08
1,1049.5,601.8,0,,2.72156e+08
1,1049.5,601.8,0,,2.72156e+08
1,1044.7,605.2,0,,2.72156e+08
1,1043.5,609.6,0,,2.72156e+08
1,1043.5,609.6,0,,2.72156e+08
1,1035,628.6,0,,2.72156e+08
1,1035,628.6,0,,2.72156e+08
1,1040.6,613.2,0,,2.72156e+08
1,1040.6,613.2,0,,2.72156e+08
1,1040.6,613.2,0,,2.72156e+08
1,1040.5,607.4,0,,2.72156e+08
1,1034.1,615.3,0,,2.72156e+08
1,1035.8,619.5,0,,2.72156e+08
1,1038.4,617.7,0,,2.72156e+08
1,1038.4,617.7,0,,2.72156e+08
1,1032.5,618.2,0,,2.72156e+08
1,1022.3,613.4,0,,2.72156e+08
1,1022.3,613.4,0,,2.72156e+08
1,1018.2,608.6,0,,2.72156e+08
1,1008.5,599.6,0,,2.72157e+08
1,1008.5,599.6,0,,2.72157e+08
1,998.1,594.6,0,,2.72157e+08
1,997.8,607.1,0,,2.72157e+08
1,996,603.7,0,,2.72157e+08
1,996,603.7,0,,2.72157e+08
1,995.5,604.7,0,,2.72157e+08
1,995.5,604.7,0,,2.72157e+08
1,1000.4,606.7,0,,2.72157e+08
1,1000.4,606.7,0,,2.72157e+08
1,1000.9,605.1,0,,2.72157e+08
1,1000.9,605.1,0,,2.72157e+08
1,1000.9,605.1,0,,2.72157e+08
1,1004.4,598.4,0,,2.72157e+08
1,1004.4,598.4,0,,2.72157e+08
1,1002.5,600,0,,2.72157e+08
1,1002.5,600,0,,2.72157e+08
1,1002.5,600,0,,2.72157e+08
1,1000.9,602.1,0,,2.72157e+08
1,1001,595.5,0,,2.72157e+08
1,990.3,597.3,0,,2.72157e+08
1,949.1,602.6,0,,2.72157e+08
1,949.1,602.6,0,,2.72157e+08
1,839.7,587.4,0,,2.72157e+08
1,767.1,567.3,0,,2.72157e+08
1,767.1,567.3,0,,2.72157e+08
1,704,554.8,0,,2.72157e+08
1,703.6,552,0,,2.72157e+08
1,703.6,552,0,,2.72157e+08
1,703.6,552,0,,2.72157e+08
1,703.6,552,0,,2.72157e+08
1,703.6,552,0,,2.72157e+08
1,703.6,552,0,,2.72157e+08
1,703.6,552,0,,2.72157e+08
1,703.6,552,0,,2.72157e+08
1,777.4,889.9,0,,2.72157e+08
1,777.4,889.9,0,,2.72157e+08
1,834.2,533.1,0,,2.72157e+08
1,808.7,541,0,,2.72157e+08
1,808.7,541,0,,2.72157e+08
1,810.2,576.8,0,,2.72157e+08
1,810.2,576.8,0,,2.72157e+08
1,847.7,521.6,0,,2.72157e+08
1,847.7,521.6,0,,2.72157e+08
1,847.7,521.6,0,,2.72157e+08
1,800.8,519.6,0,,2.72157e+08
1,763.4,496.5,0,,2.72157e+08
1,746,475.3,0,,2.72157e+08
1,750.2,475.5,0,,2.72157e+08
1,750.2,475.5,0,,2.72157e+08
1,785.2,446.9,0,,2.72157e+08
1,806.5,456.3,0,,2.72157e+08
1,806.5,456.3,0,,2.72157e+08
1,1066.9,444.8,0,,2.72157e+08
1,1208.5,435.2,0,,2.72157e+08
1,1208.5,435.2,0,,2.72157e+08
1,1253.2,434.6,0,,2.72157e+08
1,1265,449.8,0,,2.72157e+08
1,1273.2,455.1,0,,2.72157e+08
1,1273.9,459.2,0,,2.72157e+08
1,1273.9,459.2,0,,2.72157e+08
1,1273.9,459.2,0,,2.72157e+08
1,1266.7,473.2,0,,2.72158e+08
1,1266.7,473.2,0,,2.72158e+08
1,1231.7,498.1,0,,2.72158e+08
1,1231.7,498.1,0,,2.72158e+08
1,1216.1,505.7,0,,2.72158e+08
1,1217.5,506.6,0,,2.72158e+08
1,1217.5,506.6,0,,2.72158e+08
1,1217.5,506.6,0,,2.72158e+08
1,1217.5,506.6,0,,2.72158e+08
1,1217.5,506.6,0,,2.72158e+08
1,1273.9,596.6,0,,2.72158e+08
1,1287.2,625,0,,2.72158e+08
1,1287.2,625,0,,2.72158e+08
1,1277.7,558.4,0,,2.72158e+08
1,1277.7,558.4,0,,2.72158e+08
1,1284.1,578.4,0,,2.72158e+08
1,1284.3,568.8,0,,2.72158e+08
1,1284.3,568.8,0,,2.72158e+08
1,1280.4,521.2,0,,2.72158e+08
1,1281.3,521.7,0,,2.72158e+08
1,1281.3,521.7,0,,2.72158e+08
1,1271.3,538.2,0,,2.72158e+08
1,1272.7,534.7,0,,2.72158e+08
1,1221.8,545.3,0,,2.72158e+08
1,1159.3,552.4,0,,2.72158e+08
1,1159.3,552.4,0,,2.72158e+08
1,1159.3,552.4,0,,2.72158e+08
1,1059.4,562.1,0,,2.72158e+08
1,1059.4,562.1,0,,2.72158e+08
1,940.3,549.2,0,,2.72158e+08
1,942,545.6,0,,2.72158e+08
1,939.7,548.4,0,,2.72158e+08
1,925.8,563.9,0,,2.72158e+08
1,925.8,563.9,0,,2.72158e+08
1,920.5,567.2,0,,2.72158e+08
1,920.5,567.2,0,,2.72158e+08
1,920.5,567.2,0,,2.72158e+08
1,894.7,569,0,,2.72158e+08
1,902.1,568,0,,2.72158e+08
1,902.1,568,0,,2.72158e+08
1,745.6,573.1,0,,2.72158e+08
1,745.6,573.1,0,,2.72158e+08
1,714.5,578.2,0,,2.72158e+08
1,713.6,576.6,0,,2.72158e+08
1,713.6,576.6,0,,2.72158e+08
1,714.7,577.9,0,,2.72158e+08
1,739.2,630.3,0,,2.72158e+08
1,739.2,630.3,0,,2.72158e+08
1,745.9,647.3,0,,2.72158e+08
1,745.9,647.3,0,,2.72158e+08
1,737.1,643.3,0,,2.72158e+08
1,725.4,605.3,0,,2.72158e+08
1,725.4,605.3,0,,2.72158e+08
1,725.4,605.3,0,,2.72158e+08
1,711.4,566.2,0,,2.72158e+08
1,711.4,566.2,0,,2.72158e+08
1,706.6,578.1,0,,2.72158e+08
1,687.5,593,0,,2.72158e+08
1,581.7,634.2,0,,2.72159e+08
1,580.6,635.1,0,,2.72159e+08
1,580.6,635.1,0,,2.72159e+08
1,570.1,633,0,,2.72159e+08
1,570.1,633,0,,2.72159e+08
1,570.1,633,0,,2.72159e+08
1,570.1,631.1,0,,2.72159e+08
1,567.2,636.1,0,,2.72159e+08
1,567.1,629.2,0,,2.72159e+08
1,569.2,624.8,0,,2.72159e+08
1,569.2,624.8,0,,2.72159e+08
1,571.4,624.7,0,,2.72159e+08
1,571.5,623.9,0,,2.72159e+08
1,571.5,623.9,0,,2.72159e+08
1,568.7,627.3,0,,2.72159e+08
1,569.2,629.6,0,,2.72159e+08
1,569.2,629.6,0,,2.72159e+08
1,568.2,626.5,0,,2.72159e+08
1,568.2,626.5,0,,2.72159e+08
1,567.1,626.1,0,,2.72159e+08
1,562.7,622.4,0,,2.72159e+08
1,562.7,622.4,0,,2.72159e+08
1,562.7,622.4,0,,2.72159e+08
1,562.7,622.4,0,,2.72159e+08
1,562.7,622.4,0,,2.72159e+08
1,595.1,648.4,0,,2.72159e+08
1,599.3,651.8,0,,2.72159e+08
1,919.8,714,0,,2.72159e+08
1,919.8,714,0,,2.72159e+08
1,920.1,714.6,0,,2.72159e+08
1,918.9,712.1,0,,2.72159e+08
1,918.9,712.1,0,,2.72159e+08
1,918.9,712.1,0,,2.72159e+08
1,920.2,707.5,0,,2.72159e+08
1,921,706.7,0,,2.72159e+08
1,930,698.2,0,,2.72159e+08
1,924.7,717.1,0,,2.72159e+08
1,924.7,717.1,0,,2.72159e+08
1,920.4,724.5,0,,2.72159e+08
1,918.6,724.2,0,,2.72159e+08
1,918.6,724.2,0,,2.72159e+08
1,915.2,721.9,0,,2.72159e+08
1,912.5,718.1,0,,2.72159e+08
1,916.7,716.2,0,,2.72159e+08
1,921.4,721,0,,2.72159e+08
1,921.4,721,0,,2.72159e+08
1,921.8,721.6,0,,2.72159e+08
1,920.9,720.6,0,,2.72159e+08
1,920.9,720.6,0,,2.72159e+08
1,920.9,720.6,0,,2.72159e+08
1,905.6,717,0,,2.72159e+08
1,905.6,717,0,,2.72159e+08
1,845.7,700.3,0,,2.72159e+08
1,777.9,683.3,0,,2.72159e+08
1,777.9,683.3,0,,2.72159e+08
1,693.5,677.8,0,,2.72159e+08
1,693.5,677.8,0,,2.72159e+08
1,692.6,676.1,0,,2.72159e+08
1,692.6,676.1,0,,2.72159e+08
1,692.6,676.1,0,,2.72159e+08
1,671.3,650.1,0,,2.7216e+08
1,590.6,658.7,0,,2.7216e+08
1,516.4,652.1,0,,2.7216e+08
1,484.3,640.3,0,,2.7216e+08
1,484.3,640.3,0,,2.7216e+08
1,414.8,623.7,0,,2.7216e+08
1,414.8,626.9,0,,2.7216e+08
1,414.8,626.9,0,,2.7216e+08
1,414.8,627.8,0,,2.7216e+08
1,414.8,627.8,0,,2.7216e+08
1,412.7,636.1,0,,2.7216e+08
1,410.4,636.7,0,,2.7216e+08
1,410.4,636.7,0,,2.7216e+08
1,409.7,624.1,0,,2.7216e+08
1,411.9,621.9,0,,2.7216e+08
1,411.9,621.9,0,,2.7216e+08
1,411.9,621.9,0,,2.7216e+08
1,400.2,618.4,0,,2.7216e+08
1,400.2,618.4,0,,2.7216e+08
1,374.3,626.1,0,,2.7216e+08
1,360.4,632.9,0,,2.7216e+08
1,360.4,632.9,0,,2.7216e+08
1,330.6,657.9,0,,2.7216e+08
1,330.6,657.9,0,,2.7216e+08
1,335.4,658.2,0,,2.7216e+08
1,335.4,658.2,0,,2.7216e+08
1,335.4,658.2,0,,2.7216e+08
1,332.3,662.2,0,,2.7216e+08
1,332.9,660.8,0,,2.7216e+08
1,342.2,665.5,0,,2.7216e+08
1,368.2,696.1,0,,2.7216e+08
1,368.2,696.1,0,,2.7216e+08
1,812.8,756.8,0,,2.7216e+08
1,843.6,763.6,0,,2.7216e+08
1,843.6,763.6,0,,2.7216e+08
1,878.3,768.6,0,,2.7216e+08
1,877.4,766.8,0,,2.7216e+08
1,902.6,764.5,0,,2.7216e+08
1,902.1,764.6,0,,2.7216e+08
1,902.1,764.6,0,,2.7216e+08
1,905.6,760.7,0,,2.7216e+08
1,905.6,762.4,0,,2.7216e+08
1,905.6,762.4,0,,2.7216e+08
1,905.6,762.4,0,,2.7216e+08
1,907.7,763.1,0,,2.7216e+08
1,907.7,763.1,0,,2.7216e+08
1,904,778.1,0,,2.7216e+08
1,902.5,779.7,0,,2.7216e+08
1,902.5,779.7,0,,2.7216e+08
1,899.3,776.6,0,,2.7216e+08
1,897.2,777.3,0,,2.7216e+08
1,895.2,780.4,0,,2.7216e+08
1,895.2,780.4,0,,2.7216e+08
1,893.9,781.2,0,,2.7216e+08
1,893.2,782.2,0,,2.7216e+08
1,893.2,782.2,0,,2.7216e+08
1,897.4,769.3,0,,2.7216e+08
1,896.4,761.8,0,,2.7216e+08
1,896.4,761.8,0,,2.7216e+08
1,890.2,765.7,0,,2.7216e+08
1,890.1,764.9,0,,2.72161e+08
1,890.1,764.9,0,,2.72161e+08
1,853.3,743.6,0,,2.72161e+08
1,853.3,743.6,0,,2.72161e+08
1,849.2,754.4,0,,2.72161e+08
1,848.5,754.9,0,,2.72161e+08
1,848.5,754.9,0,,2.72161e+08
1,843.3,753.7,0,,2.72161e+08
1,844.2,756.9,0,,2.72161e+08
1,844.2,756.9,0,,2.72161e+08
1,844.2,756.9,0,,2.72161e+08
1,844.2,756.9,0,,2.72161e+08
1,907.6,787.3,0,,2.72161e+08
1,907.8,787.4,0,,2.72161e+08
1,907.8,787.4,0,,2.72161e+08
1,1292.3,742.2,0,,2.72161e+08
1,1296.1,740.9,0,,2.72161e+08
1,1296.1,740.9,0,,2.72161e+08
1,1299.6,738.3,0,,2.72161e+08
1,1299.6,738.3,0,,2.72161e+08
1,1299.6,738.3,0,,2.72161e+08
1,1300,738.6,0,,2.72161e+08
1,1300,738.6,0,,2.72161e+08
1,1305.4,724.8,0,,2.72161e+08
1,1311,726.6,0,,2.72161e+08
1,1311,726.6,0,,2.72161e+08
1,1350.8,762.6,0,,2.72161e+08
1,1355.8,765.8,0,,2.72161e+08
1,1355.8,765.8,0,,2.72161e+08
1,1373.3,771.4,0,,2.72161e+08
1,1373.3,771.4,0,,2.72161e+08
1,1416.7,776.5,0,,2.72161e+08
1,1409.8,797.2,0,,2.72161e+08
1,1409.8,797.2,0,,2.72161e+08
1,1411.6,783.8,0,,2.72161e+08
1,1410.4,785.1,0,,2.72161e+08
1,1410.4,785.1,0,,2.72161e+08
1,1410.4,785.1,0,,2.72161e+08
1,1404.7,782.9,0,,2.72161e+08
1,1404.7,782.9,0,,2.72161e+08
1,1416.6,780.1,0,,2.72161e+08
1,1419.3,779.5,0,,2.72161e+08
1,1422.4,776.5,0,,2.72161e+08
1,1419.5,772.6,0,,2.72161e+08
1,1419.5,772.6,0,,2.72161e+08
1,1416.1,771.4,0,,2.72161e+08
1,1416.1,771.4,0,,2.72161e+08
1,1416.1,771.4,0,,2.72161e+08
1,1352.7,779.1,0,,2.72161e+08
1,1352.7,779.1,0,,2.72161e+08
1,1352.7,779.1,0,,2.72161e+08
1,1021.4,792.3,0,,2.72161e+08
1,1021.4,792.3,0,,2.72161e+08
1,959.6,795.7,0,,2.72161e+08
1,957.4,795.3,0,,2.72161e+08
1,957.4,795.3,0,,2.72161e+08
1,955.2,794.8,0,,2.72161e+08
1,953.1,791.3,0,,2.72161e+08
1,953.1,791.3,0,,2.72161e+08
1,951.9,800.3,0,,2.72162e+08
1,951.9,800.3,0,,2.72162e+08
1,954.4,802.5,0,,2.72162e+08
1,961.4,803.2,0,,2.72162e+08
1,961.4,803.2,0,,2.72162e+08
1,961.4,803.2,0,,2.72162e+08
1,958.6,800.8,0,,2.72162e+08
1,958.6,800.8,0,,2.72162e+08
1,860,800.8,0,,2.72162e+08
1,860,800.8,0,,2.72162e+08
1,780.1,800.7,0,,2.72162e+08
1,781.5,798.9,0,,2.72162e+08
1,781.5,798.9,0,,2.72162e+08
1,780.8,801.3,0,,2.72162e+08
1,780.8,801.3,0,,2.72162e+08
1,780.8,801.3,0,,2.72162e+08
1,781.4,793.5,0,,2.72162e+08
1,780.2,788.6,0,,2.72162e+08
1,775.5,803.4,0,,2.72162e+08
1,773.2,807.2,0,,2.72162e+08
1,773.2,807.2,0,,2.72162e+08
1,700.5,793.4,0,,2.72162e+08
1,685.8,790.9,0,,2.72162e+08
1,685.8,790.9,0,,2.72162e+08
1,673.5,797.8,0,,2.72162e+08
1,673.5,797.8,0,,2.72162e+08
1,667.1,807.2,0,,2.72162e+08
1,664.6,803.3,0,,2.72162e+08
1,664.6,803.3,0,,2.72162e+08
1,663.8,803.9,0,,2.72162e+08
1,663.7,805,0,,2.72162e+08
1,663.7,805,0,,2.72162e+08
1,663.7,805,0,,2.72162e+08
1,664.8,801.1,0,,2.72162e+08
1,664.8,801.1,0,,2.72162e+08
1,659.7,800.4,0,,2.72162e+08
1,659.7,800.4,0,,2.72162e+08
1,659.7,800.4,0,,2.72162e+08
1,659.7,800.4,0,,2.72162e+08
1,659.7,800.4,0,,2.72162e+08
1,659.7,800.4,0,,2.72162e+08
1,659.7,800.4,0,,2.72162e+08
1,659.7,800.4,0,,2.72162e+08
1,659.7,800.4,0,,2.72162e+08
1,659.7,800.4,0,,2.72162e+08
1,649.5,799.3,0,,2.72162e+08
1,648.4,803.4,0,,2.72162e+08
1,648.4,803.4,0,,2.72162e+08
1,648.5,803.7,0,,2.72162e+08
1,647.6,802.2,0,,2.72162e+08
1,647.6,802.2,0,,2.72162e+08
1,645.6,783.9,0,,2.72162e+08
1,644.7,782.8,0,,2.72162e+08
1,644.7,782.8,0,,2.72162e+08
1,646.3,674.2,0,,2.72162e+08
1,646.3,674.2,0,,2.72162e+08
1,649.6,640.5,0,,2.72162e+08
1,652.1,613.4,0,,2.72162e+08
1,652.1,613.4,0,,2.72162e+08
1,652.1,613.4,0,,2.72162e+08
1,657.8,557.2,0,,2.72162e+08
1,657.8,557.2,0,,2.72162e+08
1,656.4,564.3,0,,2.72163e+08
1,656.4,564.3,0,,2.72163e+08
1,665.2,562,0,,2.72163e+08
1,670.1,555.2,0,,2.72163e+08
1,670.1,555.2,0,,2.72163e+08
1,674.6,548.7,0,,2.72163e+08
1,674.6,548.7,0,,2.72163e+08
1,674.6,548.7,0,,2.72163e+08
1,685.4,533.1,0,,2.72163e+08
1,685.3,535,0,,2.72163e+08
1,685.3,535,0,,2.72163e+08
1,688.6,534.8,0,,2.72163e+08
1,688.6,534.8,0,,2.72163e+08
1,689.2,534.2,0,,2.72163e+08
1,707.7,479.8,0,,2.72163e+08
1,707.7,479.8,0,,2.72163e+08
1,718.3,462.8,0,,2.72163e+08
1,723.9,441.9,0,,2.72163e+08
1,725.4,443.2,0,,2.72163e+08
1,733.8,416.8,0,,2.72163e+08
1,733.8,416.8,0,,2.72163e+08
1,734.6,413.7,0,,2.72163e+08
1,734.7,412,0,,2.72163e+08
1,734.7,412,0,,2.72163e+08
1,726.6,408.9,0,,2.72163e+08
1,726.6,408.9,0,,2.72163e+08
1,718.9,400.9,0,,2.72163e+08
1,696,378.3,0,,2.72163e+08
1,696,378.3,0,,2.72163e+08
1,693,387.1,0,,2.72163e+08
1,696.3,387.3,0,,2.72163e+08
1,696.3,387.3,0,,2.72163e+08
1,696.3,385.4,0,,2.72163e+08
1,696.3,385.4,0,,2.72163e+08
1,696.3,385.4,0,,2.72163e+08
1,690.8,396.4,0,,2.72163e+08
1,653,435.9,0,,2.72163e+08
1,550,418.9,0,,2.72163e+08
1,536.7,417,0,,2.72163e+08
1,536.7,417,0,,2.72163e+08
1,489.2,405.5,0,,2.72163e+08
1,490.7,408.2,0,,2.72163e+08
1,490.7,408.2,0,,2.72163e+08
1,496.9,401.8,0,,2.72163e+08
1,502.9,399.5,0,,2.72163e+08
1,506.5,398.7,0,,2.72163e+08
1,499.4,424.4,0,,2.72163e+08
1,499.4,424.4,0,,2.72163e+08
1,497,422,0,,2.72163e+08
1,494.8,414.4,0,,2.72163e+08
1,494.8,414.4,0,,2.72163e+08
1,494.8,414.4,0,,2.72163e+08
1,496,407.4,0,,2.72163e+08
1,533.2,392.9,0,,2.72163e+08
1,569.2,403.8,0,,2.72163e+08
1,569.2,403.8,0,,2.72163e+08
1,592.9,412.6,0,,2.72163e+08
1,592.2,411.1,0,,2.72163e+08
1,592.2,411.1,0,,2.72163e+08
1,597.1,408.8,0,,2.72164e+08
1,597.1,408.8,0,,2.72164e+08
1,597.1,408.8,0,,2.72164e+08
1,667.3,378.5,0,,2.72164e+08
1,713.4,391.6,0,,2.72164e+08
1,715.9,389.4,0,,2.72164e+08
1,727.8,387.9,0,,2.72164e+08
1,727.8,387.9,0,,2.72164e+08
1,733.3,378.3,0,,2.72164e+08
1,733.6,373.8,0,,2.72164e+08
1,733.6,373.8,0,,2.72164e+08
1,727.9,374,0,,2.72164e+08
1,728.4,373.9,0,,2.72164e+08
1,733.7,379,0,,2.72164e+08
1,733.1,379.3,0,,2.72164e+08
1,733.1,379.3,0,,2.72164e+08
1,745.8,410.5,0,,2.72164e+08
1,755.3,416.2,0,,2.72164e+08
1,755.3,416.2,0,,2.72164e+08
1,767.2,416.3,0,,2.72164e+08
1,767.2,416.3,0,,2.72164e+08
1,789.1,407.5,0,,2.72164e+08
1,785.9,413.7,0,,2.72164e+08
1,785.9,413.7,0,,2.72164e+08
1,786.9,415.2,0,,2.72164e+08
1,786.9,416,0,,2.72164e+08
1,786.9,416,0,,2.72164e+08
1,787.7,413,0,,2.72164e+08
1,787.7,413,0,,2.72164e+08
1,787.7,413,0,,2.72164e+08
1,803.1,408.3,0,,2.72164e+08
1,803.1,408.3,0,,2.72164e+08
1,859.7,404.2,0,,2.72164e+08
1,862.2,401.7,0,,2.72164e+08
1,862.2,401.7,0,,2.72164e+08
1,867.5,399.7,0,,2.72164e+08
1,867.7,399.3,0,,2.72164e+08
1,867.7,399.3,0,,2.72164e+08
1,865.8,402.2,0,,2.72164e+08
1,865.8,402.2,0,,2.72164e+08
1,865.8,402.2,0,,2.72164e+08
1,865.8,402.2,0,,2.72164e+08
1,865.8,402.2,0,,2.72164e+08
1,865.8,402.2,0,,2.72164e+08
1,865.8,402.2,0,,2.72164e+08
1,865.8,402.2,0,,2.72164e+08
1,865.8,402.2,0,,2.72164e+08
1,922.2,438.1,0,,2.72164e+08
1,934.1,398.7,0,,2.72164e+08
1,933.2,402.9,0,,2.72164e+08
1,933.2,402.9,0,,2.72164e+08
1,941.5,397,0,,2.72164e+08
1,942.3,396.2,0,,2.72164e+08
1,942.3,396.2,0,,2.72164e+08
1,937.4,402.7,0,,2.72164e+08
1,937.4,402.7,0,,2.72164e+08
1,937.4,402.7,0,,2.72164e+08
1,936.2,402.2,0,,2.72164e+08
1,935.9,403.1,0,,2.72164e+08
1,928.4,417.5,0,,2.72165e+08
1,928.4,417.5,0,,2.72165e+08
1,931.7,427.6,0,,2.72165e+08
1,932.5,429,0,,2.72165e+08
1,930.6,427.4,0,,2.72165e+08
1,930.6,427.4,0,,2.72165e+08
1,932.5,422.6,0,,2.72165e+08
1,934.6,415.2,0,,2.72165e+08
1,932.9,413.7,0,,2.72165e+08
1,933.2,415.7,0,,2.72165e+08
1,933.2,415.7,0,,2.72165e+08
1,936.6,412.9,0,,2.72165e+08
1,936.2,410.7,0,,2.72165e+08
1,936.2,410.7,0,,2.72165e+08
1,936.2,410.7,0,,2.72165e+08
1,935.8,408.2,0,,2.72165e+08
1,930.8,410.5,0,,2.72165e+08
1,930.5,409.7,0,,2.72165e+08
1,930.5,409.7,0,,2.72165e+08
1,932.5,406.3,0,,2.72165e+08
1,935.1,406.3,0,,2.72165e+08
1,935.1,406.3,0,,2.72165e+08
1,935.1,406.3,0,,2.72165e+08
1,935.1,406.3,0,,2.72165e+08
1,935.1,406.3,0,,2.72165e+08
1,935.1,406.3,0,,2.72165e+08
1,935.1,406.3,0,,2.72165e+08
1,935.1,406.3,0,,2.72165e+08
1,553.2,792.9,0,,2.72165e+08
1,553.2,792.9,0,,2.72165e+08
1,559.6,537.7,0,,2.72165e+08
1,559.1,479.6,0,,2.72165e+08
1,559.1,479.6,0,,2.72165e+08
1,555.2,446.9,0,,2.72165e+08
1,555.2,446.9,0,,2.72165e+08
1,561.3,416.2,0,,2.72165e+08
1,562.4,413.2,0,,2.72165e+08
1,562.4,413.2,0,,2.72165e+08
1,554.7,426.6,0,,2.72165e+08
1,554.6,427.2,0,,2.72165e+08
1,554.6,427.2,0,,2.72165e+08
1,554.6,427.2,0,,2.72165e+08
1,534.8,430.3,0,,2.72165e+08
1,536.1,429.7,0,,2.72165e+08
1,445.8,437.2,0,,2.72165e+08
1,445.8,437.2,0,,2.72165e+08
1,321.7,444.8,0,,2.72165e+08
1,316.3,416,0,,2.72165e+08
1,316.3,416,0,,2.72165e+08
1,315.5,412.7,0,,2.72165e+08
1,315.5,412.7,0,,2.72165e+08
1,315.5,412.7,0,,2.72165e+08
1,310.9,375.9,0,,2.72165e+08
1,310.9,375.9,0,,2.72165e+08
1,310.1,382.2,0,,2.72165e+08
1,307.1,390.9,0,,2.72165e+08
1,307.1,390.9,0,,2.72165e+08
1,303.1,392.7,0,,2.72165e+08
1,300,392.4,0,,2.72165e+08
1,300,392.4,0,,2.72165e+08
1,290.4,410.9,0,,2.72166e+08
1,290.4,410.9,0,,2.72166e+08
1,292.6,402.8,0,,2.72166e+08
1,290.2,400.5,0,,2.72166e+08
1,290.2,400.5,0,,2.72166e+08
1,289.5,399.4,0,,2.72166e+08
1,288.3,401.9,0,,2.72166e+08
1,288.3,401.9,0,,2.72166e+08
1,288.3,401.9,0,,2.72166e+08
1,288.3,401.9,0,,2.72166e+08
1,321.3,461,0,,2.72166e+08
1,330.3,473.2,0,,2.72166e+08
1,330.3,473.2,0,,2.72166e+08
1,1215.9,494,0,,2.72166e+08
1,1216.5,495,0,,2.72166e+08
1,1216.5,495,0,,2.72166e+08
1,1220.5,492.6,0,,2.72166e+08
1,1220.5,492.6,0,,2.72166e+08
1,1221.7,492.3,0,,2.72166e+08
1,1211.6,498,0,,2.72166e+08
1,1211.6,498,0,,2.72166e+08
1,1213.1,499.6,0,,2.72166e+08
1,1216.8,498.2,0,,2.72166e+08
1,1216.8,498.2,0,,2.72166e+08
1,1222.5,498.9,0,,2.72166e+08
1,1223.8,499.2,0,,2.72166e+08
1,1223.8,499.2,0,,2.72166e+08
1,1254.7,475,0,,2.72166e+08
1,1258.3,474.1,0,,2.72166e+08
1,1265.4,470,0,,2.72166e+08
1,1271.2,466.1,0,,2.72166e+08
1,1271.2,466.1,0,,2.72166e+08
1,1266.5,471.2,0,,2.72166e+08
1,1266.5,471.2,0,,2.72166e+08
1,1266.5,471.2,0,,2.72166e+08
1,1268.2,472.1,0,,2.72166e+08
1,1268.2,472.1,0,,2.72166e+08
1,1277,460.4,0,,2.72166e+08
1,1277.9,462.3,0,,2.72166e+08
1,1277.9,462.3,0,,2.72166e+08
1,1279.5,463.9,0,,2.72166e+08
1,1279.5,468.2,0,,2.72166e+08
1,1279.5,468.2,0,,2.72166e+08
1,1279.7,467.8,0,,2.72166e+08
1,1279.7,467.8,0,,2.72166e+08
1,1278.2,468.2,0,,2.72166e+08
1,1278.3,468.4,0,,2.72166e+08
1,1278.3,468.4,0,,2.72166e+08
1,1288.5,453.2,0,,2.72166e+08
1,1294.4,444.2,0,,2.72166e+08
1,1294.4,444.2,0,,2.72166e+08
1,1289,447.2,0,,2.72166e+08
1,1246.1,442.7,0,,2.72166e+08
1,1246.1,442.7,0,,2.72166e+08
1,877.2,424.4,0,,2.72166e+08
1,768.6,422.8,0,,2.72166e+08
1,720.1,420.9,0,,2.72166e+08
1,677.5,410.2,0,,2.72166e+08
1,591,386.5,0,,2.72166e+08
1,592.2,390.7,0,,2.72166e+08
1,592.2,390.7,0,,2.72166e+08
1,592.2,390.7,0,,2.72166e+08
1,592.2,390.7,0,,2.72166e+08
1,596.5,418.5,0,,2.72167e+08
1,602,393.8,0,,2.72167e+08
1,605.7,384.8,0,,2.72167e+08
1,605.7,384.8,0,,2.72167e+08
1,602.4,387.9,0,,2.72167e+08
1,597.8,397.1,0,,2.72167e+08
1,597.8,397.1,0,,2.72167e+08
1,599.1,420.3,0,,2.72167e+08
1,599.1,420.3,0,,2.72167e+08
1,598,411.6,0,,2.72167e+08
1,598.2,415.6,0,,2.72167e+08
1,598.2,415.6,0,,2.72167e+08
1,597.5,421.3,0,,2.72167e+08
1,596.3,428.7,0,,2.72167e+08
1,596.3,428.7,0,,2.72167e+08
1,597.4,442.2,0,,2.72167e+08
1,614.3,455.7,0,,2.72167e+08
1,614.3,455.7,0,,2.72167e+08
1,1173.6,645.8,0,,2.72167e+08
1,1241.8,677,0,,2.72167e+08
1,1299.2,703.3,0,,2.72167e+08
1,1261.9,686.9,0,,2.72167e+08
1,1261.9,686.9,0,,2.72167e+08
1,1298.1,719,0,,2.72167e+08
1,1301.6,723.6,0,,2.72167e+08
1,1301.6,723.6,0,,2.72167e+08
1,1291.8,741.7,0,,2.72167e+08
1,1291.8,741.7,0,,2.72167e+08
1,1289.7,743.8,0,,2.72167e+08
1,1286.9,742.3,0,,2.72167e+08
1,1286.9,742.3,0,,2.72167e+08
1,1279.5,739.2,0,,2.72167e+08
1,1269.5,734.2,0,,2.72167e+08
1,1269.5,734.2,0,,2.72167e+08
1,1245.8,712.3,0,,2.72167e+08
1,1245.8,712.3,0,,2.72167e+08
1,1222.9,685.9,0,,2.72167e+08
1,1226.1,677.8,0,,2.72167e+08
1,1226.1,677.8,0,,2.72167e+08
1,1224.8,679.1,0,,2.72167e+08
1,1224.6,679.1,0,,2.72167e+08
1,1224.6,679.1,0,,2.72167e+08
1,1223.9,677.2,0,,2.72167e+08
1,1223.9,680.6,0,,2.72167e+08
1,1223.9,680.6,0,,2.72167e+08
1,1227.5,678,0,,2.72167e+08
1,1228.7,677.6,0,,2.72167e+08
1,1224.5,677.2,0,,2.72167e+08
1,1219.6,680.8,0,,2.72167e+08
1,1219.6,680.8,0,,2.72167e+08
1,1099,597.6,0,,2.72167e+08
1,1099,597.6,0,,2.72167e+08
1,1099,597.6,0,,2.72167e+08
1,1031.8,552.7,0,,2.72167e+08
1,1031.8,552.7,0,,2.72167e+08
1,904.7,475.6,0,,2.72167e+08
1,902.5,475.2,0,,2.72167e+08
1,902.5,475.2,0,,2.72167e+08
1,904.4,470.7,0,,2.72168e+08
1,903.9,471.8,0,,2.72168e+08
1,903.9,471.8,0,,2.72168e+08
1,904,479,0,,2.72168e+08
1,904,479,0,,2.72168e+08
1,904,479,0,,2.72168e+08
1,824.7,405.1,0,,2.72168e+08
1,824.7,405.1,0,,2.72168e+08
1,814.7,406.1,0,,2.72168e+08
1,791.7,416.7,0,,2.72168e+08
1,791.7,416.7,0,,2.72168e+08
1,774.4,420.3,0,,2.72168e+08
1,773.3,422.1,0,,2.72168e+08
1,773.3,422.1,0,,2.72168e+08
1,747.5,415.5,0,,2.72168e+08
1,747.5,415.5,0,,2.72168e+08
1,591.9,422.8,0,,2.72168e+08
1,547.5,424.2,0,,2.72168e+08
1,547.5,424.2,0,,2.72168e+08
1,529.6,424.1,0,,2.72168e+08
1,517.7,420.5,0,,2.72168e+08
1,517.7,420.5,0,,2.72168e+08
1,517.7,420.5,0,,2.72168e+08
1,483.9,409.8,0,,2.72168e+08
1,488.3,403.9,0,,2.72168e+08
1,487.5,401,0,,2.72168e+08
1,487.5,401,0,,2.72168e+08
1,488.9,416.4,0,,2.72168e+08
1,488.9,416.4,0,,2.72168e+08
1,490,421.2,0,,2.72168e+08
1,490,421.2,0,,2.72168e+08
1,490,421.2,0,,2.72168e+08
1,492.6,407,0,,2.72168e+08
1,492.5,394.1,0,,2.72168e+08
1,492.5,394.1,0,,2.72168e+08
1,488.1,398.3,0,,2.72168e+08
1,468.7,428.7,0,,2.72168e+08
1,468.7,428.7,0,,2.72168e+08
1,387.6,414.7,0,,2.72168e+08
1,383.6,414.5,0,,2.72168e+08
1,354.7,409.1,0,,2.72168e+08
1,354.3,407.1,0,,2.72168e+08
1,354.3,407.1,0,,2.72168e+08
1,351.8,407.1,0,,2.72168e+08
1,351.8,399.4,0,,2.72168e+08
1,351.8,399.4,0,,2.72168e+08
1,348.8,388.1,0,,2.72168e+08
1,345.5,381.8,0,,2.72168e+08
1,345.5,381.8,0,,2.72168e+08
1,345.5,381.8,0,,2.72168e+08
1,345.5,381.8,0,,2.72168e+08
1,395.5,431.9,0,,2.72168e+08
1,408.2,445.1,0,,2.72168e+08
1,408.2,445.1,0,,2.72168e+08
1,1167.7,465.7,0,,2.72168e+08
1,1163.4,465,0,,2.72168e+08
1,1167.9,461.4,0,,2.72168e+08
1,1167.9,461.4,0,,2.72168e+08
1,1167.9,461.4,0,,2.72168e+08
1,1166,457.3,0,,2.72169e+08
1,1163.6,452.2,0,,2.72169e+08
1,1163.6,452.2,0,,2.72169e+08
1,1164.8,451.3,0,,2.72169e+08
1,1166.1,450.9,0,,2.72169e+08
1,1160.5,458.7,0,,2.72169e+08
1,1159.1,461.3,0,,2.72169e+08
1,1159.1,461.3,0,,2.72169e+08
1,1159.1,461.3,0,,2.72169e+08
1,1157.1,467.5,0,,2.72169e+08
1,1157.1,467.5,0,,2.72169e+08
1,1158.7,471.5,0,,2.72169e+08
1,1165,463.3,0,,2.72169e+08
1,1165,463.3,0,,2.72169e+08
1,1164.3,449.3,0,,2.72169e+08
1,1163.1,453.2,0,,2.72169e+08
1,1163.1,453.2,0,,2.72169e+08
1,1163.1,453.2,0,,2.72169e+08
1,1163.4,445.9,0,,2.72169e+08
1,1167.8,451.7,0,,2.72169e+08
1,1167.1,453,0,,2.72169e+08
1,1167.1,453,0,,2.72169e+08
1,1159,454.6,0,,2.72169e+08
1,1159,454.6,0,,2.72169e+08
1,1159,454.6,0,,2.72169e+08
1,1162.9,453.8,0,,2.72169e+08
1,1162.9,453.8,0,,2.72169e+08
1,1182.6,467.8,0,,2.72169e+08
1,1198.8,475.9,0,,2.72169e+08
1,1198.8,475.9,0,,2.72169e+08
1,1648.9,474.9,0,,2.72169e+08
1,1648.9,474.9,0,,2.72169e+08
1,1837.4,498.2,0,,2.72169e+08
1,1827.3,503.1,0,,2.72169e+08
1,1827.3,503.1,0,,2.72169e+08
1,1842.8,512.1,0,,2.72169e+08
1,1819.6,511.6,0,,2.72169e+08
1,1819.6,511.6,0,,2.72169e+08
1,1981.3,545.9,0,,2.72169e+08
1,1981.3,545.9,0,,2.72169e+08
1,2115.7,580.8,0,,2.72169e+08
1,2234.6,624,0,,2.72169e+08
1,2234.6,624,0,,2.72169e+08
1,2234.6,624,0,,2.72169e+08
1,337.7,866.5,0,,2.72169e+08
1,337.7,866.5,0,,2.72169e+08
1,2145,708.4,0,,2.72169e+08
1,1624,754,0,,2.72169e+08
1,1624,754,0,,2.72169e+08
1,1127,791.2,0,,2.72169e+08
1,1127,791.2,0,,2.72169e+08
1,643.8,825.6,0,,2.72169e+08
1,643.8,825.6,0,,2.72169e+08
1,643.8,825.6,0,,2.72169e+08
1,1850.3,664.5,0,,2.72169e+08
1,1850.3,664.5,0,,2.72169e+08
1,1850.3,664.5,0,,2.72169e+08
1,1850.3,664.5,0,,2.72169e+08
1,1850.3,664.5,0,,2.72169e+08
1,1850.3,664.5,0,,2.72169e+08
1,1850.3,664.5,0,,2.72169e+08
1,1850.3,664.5,0,,2.72169e+08
1,1850.3,664.5,0,,2.72169e+08
1,1850.3,664.5,0,,2.72169e+08
1,1850.3,664.5,0,,2.72169e+08
1,1850.3,664.5,0,,2.72169e+08
1,1850.3,664.5,0,,2.72169e+08
1,1850.3,664.5,0,,2.72169e+08
1,1850.3,664.5,0,,2.72169e+08
1,1850.3,664.5,0,,2.72169e+08
1,1850.3,664.5,0,,2.72169e+08
1,1850.3,664.5,0,,2.72169e+08
1,1850.3,664.5,0,,2.72169e+08
1,1850.3,664.5,0,,2.72169e+08
1,1850.3,664.5,0,,2.72169e+08
1,1850.3,-108.8,0,,2.7217e+08
1,964.6,-76.6,0,,2.7217e+08
1,984.8,-80.2,0,,2.7217e+08
1,984.8,-80.2,0,,2.7217e+08
1,989.2,-73.7,0,,2.7217e+08
1,989.2,-73.7,0,,2.7217e+08
1,982.5,-35.8,0,,2.7217e+08
1,957.1,25.3,0,,2.7217e+08
1,957.1,25.3,0,,2.7217e+08
1,944,50.8,0,,2.7217e+08
1,929.9,68.1,0,,2.7217e+08
1,929.9,68.1,0,,2.7217e+08
1,895.2,260.1,0,,2.7217e+08
1,895.4,322.5,0,,2.7217e+08
1,895.2,327.3,0,,2.7217e+08
1,894.8,327.5,0,,2.7217e+08
1,894.8,327.5,0,,2.7217e+08
1,897.4,362.7,0,,2.7217e+08
1,897.7,364.1,0,,2.7217e+08
1,897.7,364.1,0,,2.7217e+08
1,901.8,379.3,0,,2.7217e+08
1,903.9,398.9,0,,2.7217e+08
1,903.9,398.9,0,,2.7217e+08
1,907.5,398,0,,2.7217e+08
1,907.5,398,0,,2.7217e+08
1,903,407.3,0,,2.7217e+08
1,896.8,414.1,0,,2.7217e+08
1,896.8,414.1,0,,2.7217e+08
1,877.4,435.4,0,,2.7217e+08
1,875,435.5,0,,2.7217e+08
1,875,435.5,0,,2.7217e+08
1,791.6,450.3,0,,2.7217e+08
1,791.6,450.3,0,,2.7217e+08
1,772.7,445.3,0,,2.7217e+08
1,771.6,417.2,0,,2.7217e+08
1,771.6,417.2,0,,2.7217e+08
1,764.5,434.6,0,,2.7217e+08
1,764.5,434.6,0,,2.7217e+08
1,763.8,434.5,0,,2.7217e+08
1,768.4,416.5,0,,2.7217e+08
1,768.4,416.5,0,,2.7217e+08
1,766.4,411.4,0,,2.7217e+08
1,764.1,427.1,0,,2.7217e+08
1,764.1,427.1,0,,2.7217e+08
1,766.5,432.1,0,,2.7217e+08
1,766,423.4,0,,2.72171e+08
1,766,423.4,0,,2.72171e+08
1,764.3,443.6,0,,2.72171e+08
1,759.1,447.2,0,,2.72171e+08
1,759.1,447.2,0,,2.72171e+08
1,757.2,413,0,,2.72171e+08
1,757.2,413,0,,2.72171e+08
1,729.8,393.4,0,,2.72171e+08
1,679.1,399.1,0,,2.72171e+08
1,679.1,399.1,0,,2.72171e+08
1,586.6,424.3,0,,2.72171e+08
1,592.1,427.7,0,,2.72171e+08
1,592.1,427.7,0,,2.72171e+08
1,593.1,422.5,0,,2.72171e+08
1,593.1,422.5,0,,2.72171e+08
1,589.3,443.3,0,,2.72171e+08
1,586.4,446.9,0,,2.72171e+08
1,586.4,446.9,0,,2.72171e+08
1,582.7,426.2,0,,2.72171e+08
1,582.5,424.8,0,,2.72171e+08
1,582.5,424.8,0,,2.72171e+08
1,581.3,422.4,0,,2.72171e+08
1,580.4,423.4,0,,2.72171e+08
1,579,426.3,0,,2.72171e+08
1,578.5,426.1,0,,2.72171e+08
1,578.5,426.1,0,,2.72171e+08
1,576.1,424.4,0,,2.72171e+08
1,575.7,425.9,0,,2.72171e+08
1,573.9,429.5,0,,2.72171e+08
1,569.9,435.5,0,,2.72171e+08
1,569.9,435.5,0,,2.72171e+08
1,569.9,435.5,0,,2.72171e+08
1,574,402,0,,2.72171e+08
1,574,402,0,,2.72171e+08
1,610.7,441.9,0,,2.72171e+08
1,617.5,438.2,0,,2.72171e+08
1,617.5,438.2,0,,2.72171e+08
1,908.8,475.1,0,,2.72171e+08
1,987.1,481.8,0,,2.72171e+08
1,987.1,481.8,0,,2.72171e+08
1,984.2,481.6,0,,2.72171e+08
1,984.2,481.6,0,,2.72171e+08
1,1039.4,469.1,0,,2.72171e+08
1,1038.8,467.9,0,,2.72171e+08
1,1038.8,467.9,0,,2.72171e+08
1,1038,469.3,0,,2.72171e+08
1,1035.4,479.3,0,,2.72171e+08
1,1035.4,479.3,0,,2.72171e+08
1,1030.6,494.8,0,,2.72171e+08
1,1030.6,494.8,0,,2.72171e+08
1,1030.6,494.8,0,,2.72171e+08
1,1030.6,494.8,0,,2.72171e+08
1,1030.6,494.8,0,,2.72171e+08
1,1030.6,494.8,0,,2.72171e+08
1,1030.6,494.8,0,,2.72171e+08
1,1030.6,494.8,0,,2.72171e+08
1,923.6,444.9,0,,2.72171e+08
1,678.2,480.3,0,,2.72171e+08
1,678.2,480.3,0,,2.72171e+08
1,677.2,436.9,0,,2.72171e+08
1,677.2,436.9,0,,2.72171e+08
1,677.2,436.9,0,,2.72171e+08
1,677.2,436.9,0,,2.72171e+08
1,677.2,436.9,0,,2.72171e+08
1,677.2,436.9,0,,2.72171e+08
1,677.2,436.9,0,,2.72171e+08
1,677.2,436.9,0,,2.72171e+08
1,677.2,436.9,0,,2.72171e+08
1,677.2,436.9,0,,2.72171e+08
1,677.2,436.9,0,,2.72171e+08
1,514.9,400.2,0,,2.72172e+08
1,514.9,400.2,0,,2.72172e+08
1,448.3,415.5,0,,2.72172e+08
1,369.6,410.5,0,,2.72172e+08
1,369.6,410.5,0,,2.72172e+08
1,364.9,406.6,0,,2.72172e+08
1,366.1,407.7,0,,2.72172e+08
1,361.7,386.7,0,,2.72172e+08
1,362.3,384.7,0,,2.72172e+08
1,362.3,384.7,0,,2.72172e+08
1,364.9,383.6,0,,2.72172e+08
1,367.5,380.2,0,,2.72172e+08
1,367.5,380.2,0,,2.72172e+08
1,366,377.2,0,,2.72172e+08
1,357.6,373,0,,2.72172e+08
1,357.6,373,0,,2.72172e+08
1,351.6,367.2,0,,2.72172e+08
1,351.6,367.2,0,,2.72172e+08
1,323.5,365.5,0,,2.72172e+08
1,324.2,367.1,0,,2.72172e+08
1,316.1,367.8,0,,2.72172e+08
1,316.1,367.8,0,,2.72172e+08
1,310.4,363.4,0,,2.72172e+08
1,310.4,363.4,0,,2.72172e+08
1,310.4,363.4,0,,2.72172e+08
1,310.6,364.5,0,,2.72172e+08
1,313.6,371.2,0,,2.72172e+08
1,315.2,381.6,0,,2.72172e+08
1,314.7,375.2,0,,2.72172e+08
1,304.7,366.4,0,,2.72172e+08
1,304.7,366.4,0,,2.72172e+08
1,305.1,362.5,0,,2.72172e+08
1,295.9,354.2,0,,2.72172e+08
1,295.9,354.2,0,,2.72172e+08
1,313.2,362.2,0,,2.72172e+08
1,301.9,353.1,0,,2.72172e+08
1,301.9,353.1,0,,2.72172e+08
1,306.9,350.7,0,,2.72172e+08
1,313.2,362.6,0,,2.72172e+08
1,313.2,362.6,0,,2.72172e+08
1,312.5,363.4,0,,2.72172e+08
1,313,364,0,,2.72172e+08
1,313,364,0,,2.72172e+08
1,324.9,356.8,0,,2.72172e+08
1,324.9,356.8,0,,2.72172e+08
1,337.9,341,0,,2.72172e+08
1,447.4,364.9,0,,2.72172e+08
1,447.4,364.9,0,,2.72172e+08
1,512.4,382,0,,2.72172e+08
1,514.7,384,0,,2.72172e+08
1,516.1,386.7,0,,2.72173e+08
1,516.1,386.7,0,,2.72173e+08
1,516.1,386.7,0,,2.72173e+08
1,518.1,389.4,0,,2.72173e+08
1,517.3,389,0,,2.72173e+08
1,510.6,399.9,0,,2.72173e+08
1,512.6,402.5,0,,2.72173e+08
1,512.6,402.5,0,,2.72173e+08
1,512.9,402.3,0,,2.72173e+08
1,512.9,401.8,0,,2.72173e+08
1,512.9,401.8,0,,2.72173e+08
1,511.4,391.8,0,,2.72173e+08
1,478.8,429.4,0,,2.72173e+08
1,478.8,429.4,0,,2.72173e+08
1,473.9,428.1,0,,2.72173e+08
1,465.1,422.4,0,,2.72173e+08
1,465.1,422.4,0,,2.72173e+08
1,420.7,410,0,,2.72173e+08
1,420.7,409.8,0,,2.72173e+08
1,420.7,409.8,0,,2.72173e+08
1,420.7,411.3,0,,2.72173e+08
1,420.7,411.3,0,,2.72173e+08
1,421.1,401.5,0,,2.72173e+08
1,424.9,384,0,,2.72173e+08
1,424.9,384,0,,2.72173e+08
1,421.5,399.2,0,,2.72173e+08
1,421.5,399.2,0,,2.72173e+08
1,420.6,410.7,0,,2.72173e+08
1,420.6,410.7,0,,2.72173e+08
1,420.6,410.7,0,,2.72173e+08
1,419.8,433.5,0,,2.72173e+08
1,412.7,427.5,0,,2.72173e+08
1,412.7,427.5,0,,2.72173e+08
1,412.5,431.6,0,,2.72173e+08
1,416.3,429.9,0,,2.72173e+08
1,420.4,424.2,0,,2.72173e+08
1,420.4,424.2,0,,2.72173e+08
1,420.1,423,0,,2.72173e+08
1,421.3,422.2,0,,2.72173e+08
1,419.7,427.9,0,,2.72173e+08
1,419.7,427.9,0,,2.72173e+08
1,418.5,420.4,0,,2.72173e+08
1,419.3,419.9,0,,2.72173e+08
1,419.3,419.9,0,,2.72173e+08
1,412.7,420.3,0,,2.72173e+08
1,400.3,425,0,,2.72173e+08
1,400.3,425,0,,2.72173e+08
1,383.5,418.4,0,,2.72173e+08
1,383.5,418.4,0,,2.72173e+08
1,362.9,409.8,0,,2.72173e+08
1,361.7,412.6,0,,2.72173e+08
1,361.7,412.6,0,,2.72173e+08
1,366.1,413.7,0,,2.72173e+08
1,365.3,414.3,0,,2.72173e+08
1,367,417.6,0,,2.72173e+08
1,367,417.6,0,,2.72173e+08
1,367,417.6,0,,2.72173e+08
1,370.9,423.7,0,,2.72173e+08
1,374,425.4,0,,2.72173e+08
1,374,425.4,0,,2.72173e+08
1,380.8,431.2,0,,2.72174e+08
1,396,447.9,0,,2.72174e+08
1,534.8,443.5,0,,2.72174e+08
1,604.5,426,0,,2.72174e+08
1,604.5,426,0,,2.72174e+08
1,660.3,427.6,0,,2.72174e+08
1,660.2,431.8,0,,2.72174e+08
1,660.2,431.8,0,,2.72174e+08
1,660.9,421.9,0,,2.72174e+08
1,661.2,421.1,0,,2.72174e+08
1,661.2,421.1,0,,2.72174e+08
1,658.5,427.9,0,,2.72174e+08
1,658.5,427.9,0,,2.72174e+08
1,658.5,427.9,0,,2.72174e+08
1,657.9,443.4,0,,2.72174e+08
1,657.9,443.4,0,,2.72174e+08
1,660.4,430,0,,2.72174e+08
1,664.1,415.6,0,,2.72174e+08
1,664.1,415.6,0,,2.72174e+08
1,668.2,386.6,0,,2.72174e+08
1,668.2,388.6,0,,2.72174e+08
1,668.2,388.6,0,,2.72174e+08
1,668.2,388.6,0,,2.72174e+08
1,668.2,388.6,0,,2.72174e+08
1,681.7,461.7,0,,2.72174e+08
1,682.5,465.6,0,,2.72174e+08
1,682.5,465.6,0,,2.72174e+08
1,905.8,464.1,0,,2.72174e+08
1,947.5,460.9,0,,2.72174e+08
1,947.5,460.9,0,,2.72174e+08
1,1003,447.3,0,,2.72174e+08
1,1003,447.3,0,,2.72174e+08
1,1008.5,443.6,0,,2.72174e+08
1,1053,442.4,0,,2.72174e+08
1,1053,442.4,0,,2.72174e+08
1,1160.7,447.9,0,,2.72174e+08
1,1160.7,447.9,0,,2.72174e+08
1,1177.4,453.3,0,,2.72174e+08
1,1173.7,453.7,0,,2.72174e+08
1,1173.7,453.7,0,,2.72174e+08
1,1173.7,453.7,0,,2.72174e+08
1,1171.8,461.5,0,,2.72174e+08
1,1171.8,461.5,0,,2.72174e+08
1,1180.3,458.1,0,,2.72174e+08
1,1225.1,459.4,0,,2.72174e+08
1,1225.1,459.4,0,,2.72174e+08
1,1297.8,454.9,0,,2.72174e+08
1,1303.5,455.9,0,,2.72174e+08
1,1364.1,452.6,0,,2.72174e+08
1,1364.1,452.6,0,,2.72174e+08
1,1364.1,452.6,0,,2.72174e+08
1,1354.8,445.7,0,,2.72174e+08
1,1356.1,444,0,,2.72174e+08
1,1356.1,444,0,,2.72174e+08
1,1361.8,433.7,0,,2.72174e+08
1,1383.1,442.6,0,,2.72174e+08
1,1396.7,446.9,0,,2.72174e+08
1,1421,441.9,0,,2.72174e+08
1,1421,441.9,0,,2.72174e+08
1,1421.6,439.9,0,,2.72174e+08
1,1416.9,441.2,0,,2.72175e+08
1,1418.2,440.4,0,,2.72175e+08
1,1418.2,440,0,,2.72175e+08
1,1418.2,440,0,,2.72175e+08
1,1413.4,441.7,0,,2.72175e+08
1,1340.8,445.5,0,,2.72175e+08
1,1340.8,445.5,0,,2.72175e+08
1,1340.8,445.5,0,,2.72175e+08
1,965.5,467.7,0,,2.72175e+08
1,965.5,467.7,0,,2.72175e+08
1,467.9,512.4,0,,2.72175e+08
1,454.9,513.5,0,,2.72175e+08
1,454.9,513.5,0,,2.72175e+08
1,448.6,501,0,,2.72175e+08
1,448.6,501,0,,2.72175e+08
1,447.3,503.9,0,,2.72175e+08
1,447.3,503.9,0,,2.72175e+08
1,447.3,503.9,0,,2.72175e+08
1,411.1,531.8,0,,2.72175e+08
1,392.9,520.1,0,,2.72175e+08
1,392.9,520.1,0,,2.72175e+08
1,347.5,540.8,0,,2.72175e+08
1,317,541.1,0,,2.72175e+08
1,312,527.9,0,,2.72175e+08
1,311.1,524.5,0,,2.72175e+08
1,311.1,524.5,0,,2.72175e+08
1,311.6,521.8,0,,2.72175e+08
1,318.7,527.4,0,,2.72175e+08
1,318.7,527.4,0,,2.72175e+08
1,330,540.3,0,,2.72175e+08
1,330,540.2,0,,2.72175e+08
1,341.7,533.6,0,,2.72175e+08
1,344.1,530.8,0,,2.72175e+08
