page,x,y,word,word_index,timestamp
0,1920,0,0,,0
0,332.4,280.7,0,,2.72179e+08
0,356.6,288.3,0,,2.72179e+08
0,292.6,270.9,0,,2.7218e+08
0,292.6,270.9,0,,2.7218e+08
0,472.4,331.5,0,,2.7218e+08
0,473,331.8,0,,2.7218e+08
0,473,331.8,0,,2.7218e+08
0,473.6,340.7,0,,2.7218e+08
0,473.6,340.7,0,,2.7218e+08
0,473.6,340.7,0,,2.7218e+08
0,472.4,340.6,0,,2.7218e+08
0,472.4,340.6,0,,2.7218e+08
0,472.4,340.6,0,,2.7218e+08
0,472.2,343.3,0,,2.7218e+08
0,476.6,345.6,0,,2.7218e+08
0,479,347.5,0,,2.7218e+08
0,476.6,344.3,0,,2.7218e+08
0,476.6,344.3,0,,2.7218e+08
0,476.6,344.3,0,,2.7218e+08
0,474.7,345.8,0,,2.7218e+08
0,477.2,348.1,0,,2.7218e+08
0,478.2,347.1,0,,2.7218e+08
0,478.2,347.1,0,,2.7218e+08
0,478,348.6,0,,2.7218e+08
0,490.9,357.5,0,,2.7218e+08
0,490.9,357.5,0,,2.7218e+08
0,982.8,163.6,0,,2.7218e+08
0,1015.4,154,0,,2.7218e+08
0,1119.5,118.9,0,,2.7218e+08
0,1075.5,131.6,0,,2.7218e+08
0,1075.5,131.6,0,,2.7218e+08
0,1189.7,91.8,0,,2.7218e+08
0,1193.7,91.8,0,,2.7218e+08
0,1193.7,91.8,0,,2.7218e+08
0,1193.7,91.8,0,,2.7218e+08
0,1200.7,80.2,0,,2.7218e+08
0,1200.7,80.2,0,,2.7218e+08
0,1196.2,75.7,0,,2.7218e+08
0,1189.7,64,0,,2.7218e+08
0,1189.7,64,0,,2.7218e+08
0,1189.7,64,0,,2.7218e+08
0,1189.7,64,0,,2.7218e+08
0,1189.7,64,0,,2.7218e+08
0,1189.7,64,0,,2.7218e+08
0,1189.7,64,0,,2.7218e+08
0,967.8,792.7,0,,2.7218e+08
0,967.8,792.7,0,,2.7218e+08
0,1252.1,209.4,0,,2.7218e+08
0,1291.8,115.3,0,,2.7218e+08
0,1291.8,115.3,0,,2.7218e+08
0,1319.6,47.4,0,,2.7218e+08
0,1317.7,34.9,0,,2.7218e+08
0,1317.7,34.9,0,,2.7218e+08
0,1310.1,29.1,0,,2.7218e+08
0,1310.1,29.1,0,,2.7218e+08
0,1304.4,48.1,0,,2.7218e+08
0,1313.3,53,0,,2.7218e+08
0,1313.3,53,0,,2.7218e+08
0,1309.4,52.9,0,,2.7218e+08
0,1308.4,52.7,0,,2.7218e+08
0,1308.4,52.7,0,,2.7218e+08
0,1560.6,1095.7,0,,2.7218e+08
0,1560.6,1095.7,0,,2.7218e+08
0,1560.6,1095.7,0,,2.7218e+08
0,1560.3,1384.9,0,,2.72181e+08
0,1561.5,1238.1,0,,2.72181e+08
0,1573.1,1423.1,0,,2.72181e+08
0,1574.6,1419.8,0,,2.72181e+08
0,1574.6,1419.8,0,,2.72181e+08
0,1584.1,1415.6,0,,2.72181e+08
0,1584.1,1415.6,0,,2.72181e+08
0,1584.1,1415.6,0,,2.72181e+08
0,1566.7,1405.8,0,,2.72181e+08
0,1566.7,1405.8,0,,2.72181e+08
0,1574.9,1411.2,0,,2.72181e+08
0,1634.5,1476.8,0,,2.72181e+08
0,1634.5,1476.8,0,,2.72181e+08
0,1590.1,1438.5,0,,2.72181e+08
0,1567,1418.4,0,,2.72181e+08
0,1567,1418.4,0,,2.72181e+08
0,1560.9,1413.7,0,,2.72181e+08
0,1563.6,1414.9,0,,2.72181e+08
0,1584.4,1399.6,0,,2.72181e+08
0,1580.4,1402.1,0,,2.72181e+08
0,1580.4,1402.1,0,,2.72181e+08
0,1584.5,1399.8,0,,2.72181e+08
1,1609.2,1418.2,0,,2.72181e+08
1,1609.2,1418.2,0,,2.72181e+08
1,1609.2,1418.2,0,,2.72181e+08
1,1609.2,1418.2,0,,2.72181e+08
1,1609.2,1418.2,0,,2.72181e+08
1,1609.2,1418.2,0,,2.72181e+08
1,1609.2,1418.2,0,,2.72181e+08
1,1609.2,1418.2,0,,2.72181e+08
1,1609.2,1418.2,0,,2.72181e+08
1,1609.2,1418.2,0,,2.72181e+08
1,1609.2,1418.2,0,,2.72181e+08
1,1609.2,1418.2,0,,2.72181e+08
1,2065,976.3,0,,2.72181e+08
1,1081,1087.1,0,,2.72181e+08
1,1901.7,641,0,,2.72181e+08
1,1775.9,577,0,,2.72181e+08
1,1352.7,415.6,0,,2.72181e+08
1,1352.7,415.6,0,,2.72181e+08
1,1344,411.3,0,,2.72181e+08
1,1383.7,428.3,0,,2.72181e+08
1,1383.7,428.3,0,,2.72181e+08
1,1383.7,428.3,0,,2.72181e+08
1,1383.7,428.3,0,,2.72181e+08
1,1383.7,428.3,0,,2.72181e+08
1,1383.7,428.3,0,,2.72181e+08
1,1383.7,428.3,0,,2.72181e+08
1,1383.7,428.3,0,,2.72181e+08
1,1383.7,428.3,0,,2.72181e+08
1,1383.7,428.3,0,,2.72181e+08
1,1383.7,428.3,0,,2.72181e+08
1,1383.7,428.3,0,,2.72181e+08
1,1383.7,428.3,0,,2.72181e+08
1,1383.7,428.3,0,,2.72181e+08
1,1383.7,428.3,0,,2.72181e+08
1,663.5,371.5,0,,2.72181e+08
1,648.9,368.7,0,,2.72181e+08
1,648.9,368.7,0,,2.72181e+08
1,539.2,317.4,0,,2.72182e+08
1,539.2,317.4,0,,2.72182e+08
1,539.2,317.4,0,,2.72182e+08
1,502.3,292.1,0,,2.72182e+08
1,493.1,245.5,0,,2.72182e+08
1,494.2,244,0,,2.72182e+08
1,468.3,228.5,0,,2.72182e+08
1,468.3,228.5,0,,2.72182e+08
1,468.3,228.5,0,,2.72182e+08
1,415.4,215.7,0,,2.72182e+08
1,415.4,215.7,0,,2.72182e+08
1,389.1,262.6,0,,2.72182e+08
1,390.3,266.3,0,,2.72182e+08
1,373.6,300.1,0,,2.72182e+08
1,375.4,297.7,0,,2.72182e+08
1,375.4,297.7,0,,2.72182e+08
1,379.8,344.1,0,,2.72182e+08
1,356.4,355.1,0,,2.72182e+08
1,356.4,355.1,0,,2.72182e+08
1,356.4,355.1,0,,2.72182e+08
1,370.4,369.6,0,,2.72182e+08
1,370.4,369.6,0,,2.72182e+08
1,358,410.4,0,,2.72182e+08
1,357.9,403.8,0,,2.72182e+08
1,358.1,407.7,0,,2.72182e+08
1,360.3,414.5,0,,2.72182e+08
1,360.3,414.5,0,,2.72182e+08
1,364.7,430.1,0,,2.72182e+08
1,364.7,430.1,0,,2.72182e+08
1,364.7,430.1,0,,2.72182e+08
1,362.5,446.6,0,,2.72182e+08
1,362.5,446.6,0,,2.72182e+08
1,363.4,432.2,0,,2.72182e+08
1,363.7,430,0,,2.72182e+08
1,363.7,430,0,,2.72182e+08
1,366.7,444.5,0,,2.72182e+08
1,365.8,446.9,0,,2.72182e+08
1,365.8,446.9,0,,2.72182e+08
1,365.8,446.8,0,,2.72182e+08
1,363.9,428.4,0,,2.72182e+08
1,401,420,0,,2.72182e+08
1,488.9,462.9,0,,2.72182e+08
1,488.9,462.9,0,,2.72182e+08
1,573.4,468.3,0,,2.72182e+08
1,594.5,466,0,,2.72182e+08
1,594.5,466,0,,2.72182e+08
1,594.5,466,0,,2.72182e+08
1,759.9,455.9,0,,2.72182e+08
1,792.4,448.9,0,,2.72182e+08
1,795.3,461.4,0,,2.72182e+08
1,795.3,461.4,0,,2.72182e+08
1,796.4,469.4,0,,2.72182e+08
1,790.8,481.4,0,,2.72182e+08
1,790.8,481.4,0,,2.72182e+08
1,785.6,469.8,0,,2.72182e+08
1,785.6,469.8,0,,2.72182e+08
1,785.6,469.8,0,,2.72182e+08
1,697.9,463.9,0,,2.72182e+08
1,692.5,462.9,0,,2.72182e+08
1,554,472.6,0,,2.72183e+08
1,527.4,461.9,0,,2.72183e+08
1,527.4,461.9,0,,2.72183e+08
1,455.7,446.7,0,,2.72183e+08
1,453.1,444.1,0,,2.72183e+08
1,447.6,442.8,0,,2.72183e+08
1,447.6,442.8,0,,2.72183e+08
1,448.6,445.8,0,,2.72183e+08
1,451.2,468.7,0,,2.72183e+08
1,577.4,508.3,0,,2.72183e+08
1,577.4,508.3,0,,2.72183e+08
1,863.8,666.3,0,,2.72183e+08
1,920,690,0,,2.72183e+08
1,920,690,0,,2.72183e+08
1,920,690,0,,2.72183e+08
1,1344.7,1025.6,0,,2.72183e+08
1,1778.8,1395.9,0,,2.72183e+08
1,1821.7,1424,0,,2.72183e+08
1,1821.7,1424,0,,2.72183e+08
1,1856.7,1445.7,0,,2.72183e+08
1,1862.8,1449.3,0,,2.72183e+08
1,1862.8,1449.3,0,,2.72183e+08
1,1848.7,1435.3,0,,2.72183e+08
1,1848.7,1435.3,0,,2.72183e+08
1,1848.7,1435.3,0,,2.72183e+08
1,1850.1,1428,0,,2.72183e+08
1,1850.1,1428,0,,2.72183e+08
1,1820.9,1400.7,0,,2.72183e+08
1,1857.8,1432.4,0,,2.72183e+08
1,1857.8,1432.4,0,,2.72183e+08
1,1889.5,1458.4,0,,2.72183e+08
1,1889.5,1458.4,0,,2.72183e+08
1,1889.5,1458.4,0,,2.72183e+08
1,1909.9,1468.3,0,,2.72183e+08
1,1909.9,1468.3,0,,2.72183e+08
1,2003.9,1474.4,0,,2.72183e+08
1,2113.7,1505,0,,2.72183e+08
1,2113.7,1505,0,,2.72183e+08
1,2169.6,1495.8,0,,2.72183e+08
1,2160,1514,0,,2.72183e+08
1,2160,1514,0,,2.72183e+08
1,2160,1514,0,,2.72183e+08
1,2219.5,1513.7,0,,2.72183e+08
1,2244.8,1440.4,0,,2.72183e+08
1,2244.8,1440.4,0,,2.72183e+08
1,2244.8,1440.4,0,,2.72183e+08
1,2250.1,1419.9,0,,2.72183e+08
1,2250.1,1419.9,0,,2.72183e+08
1,2250.1,1419.9,0,,2.72183e+08
1,1910.5,1094.4,0,,2.72183e+08
1,1910.5,1094.4,0,,2.72183e+08
1,1910.5,1094.4,0,,2.72183e+08
1,1884.5,1158.6,0,,2.72183e+08
1,2093.8,1404.2,0,,2.72183e+08
1,2047.3,1368.8,0,,2.72183e+08
1,2162.5,1517.3,0,,2.72183e+08
1,2162.5,1517.3,0,,2.72183e+08
1,2134.7,1525.5,0,,2.72183e+08
1,2065.4,1489,0,,2.72183e+08
1,2065.4,1489,0,,2.72183e+08
1,1925.7,1495,0,,2.72184e+08
1,1925.7,1495,0,,2.72184e+08
1,1842.4,1450.8,0,,2.72184e+08
1,1820.6,1444.8,0,,2.72184e+08
1,1820.6,1444.8,0,,2.72184e+08
1,1824.9,1446.3,0,,2.72184e+08
1,1850.4,1446.1,0,,2.72184e+08
1,1850.4,1446.1,0,,2.72184e+08
1,1850.4,1446.1,0,,2.72184e+08
1,1895.3,1456.9,0,,2.72184e+08
1,1958.4,1463.7,0,,2.72184e+08
1,1969.4,1466.9,0,,2.72184e+08
1,1969.4,1466.9,0,,2.72184e+08
1,1970.4,1467.3,0,,2.72184e+08
1,1967.4,1469,0,,2.72184e+08
1,1967.4,1469,0,,2.72184e+08
1,1970.2,1473,0,,2.72184e+08
1,1970.2,1473,0,,2.72184e+08
1,1970.2,1473,0,,2.72184e+08
1,1945.2,1478.6,0,,2.72184e+08
1,1956.9,1485.5,0,,2.72184e+08
1,1927.4,1466.7,0,,2.72184e+08
1,1927.5,1472.4,0,,2.72184e+08
1,1927.5,1472.4,0,,2.72184e+08
1,1905.5,1466.6,0,,2.72184e+08
1,1905.5,1466.6,0,,2.72184e+08
1,1905.5,1466.6,0,,2.72184e+08
1,1891.5,1463,0,,2.72184e+08
1,1891.5,1463,0,,2.72184e+08
1,1864.8,1457.5,0,,2.72184e+08
1,1866.2,1455.1,0,,2.72184e+08
1,1866.2,1455.1,0,,2.72184e+08
1,1864.8,1452.1,0,,2.72184e+08
1,1854.8,1449.7,0,,2.72184e+08
1,1854.8,1449.7,0,,2.72184e+08
1,1854.8,1449.7,0,,2.72184e+08
1,1949.8,1533.4,0,,2.72184e+08
1,1852.8,1474.4,0,,2.72184e+08
1,1881.7,1506.2,0,,2.72184e+08
1,1881.7,1506.2,0,,2.72184e+08
1,1830.5,1465.4,0,,2.72184e+08
1,1817.7,1453.3,0,,2.72184e+08
1,1817.7,1453.3,0,,2.72184e+08
1,1821.4,1448.6,0,,2.72184e+08
1,1821.4,1448.6,0,,2.72184e+08
1,1864.1,1455.5,0,,2.72184e+08
1,1954.2,1481.5,0,,2.72184e+08
1,1954.2,1481.5,0,,2.72184e+08
1,1954.2,1481.5,0,,2.72184e+08
1,1954.2,1481.5,0,,2.72184e+08
1,1954.2,1481.5,0,,2.72184e+08
1,1954.2,1481.5,0,,2.72184e+08
1,1954.2,1481.5,0,,2.72184e+08
1,1954.2,1481.5,0,,2.72184e+08
1,717.3,564.4,0,,2.72184e+08
1,717.3,564.4,0,,2.72184e+08
1,751,428.1,0,,2.72184e+08
1,750.6,408.9,0,,2.72184e+08
1,750.6,408.9,0,,2.72184e+08
1,747,421.4,0,,2.72184e+08
1,739.7,470.9,0,,2.72184e+08
1,739.7,470.9,0,,2.72184e+08
1,738.4,483.4,0,,2.72185e+08
1,738.4,483.4,0,,2.72185e+08
1,747.1,444.7,0,,2.72185e+08
1,747.1,445.6,0,,2.72185e+08
1,747.1,445.6,0,,2.72185e+08
1,759.6,418.5,0,,2.72185e+08
1,760.4,417,0,,2.72185e+08
1,760.4,417,0,,2.72185e+08
1,755.4,411.7,0,,2.72185e+08
1,755.4,411.7,0,,2.72185e+08
1,755.4,411.7,0,,2.72185e+08
1,757.3,416.1,0,,2.72185e+08
1,756.3,412.8,0,,2.72185e+08
1,756.1,428.7,0,,2.72185e+08
1,753.9,439.7,0,,2.72185e+08
1,747.3,480.4,0,,2.72185e+08
1,746.9,486.4,0,,2.72185e+08
1,746.9,486.4,0,,2.72185e+08
1,746.9,486.4,0,,2.72185e+08
1,759.2,444,0,,2.72185e+08
1,759.2,444,0,,2.72185e+08
1,752.6,457.8,0,,2.72185e+08
1,753,457.2,0,,2.72185e+08
1,753,457.2,0,,2.72185e+08
1,755.7,448.5,0,,2.72185e+08
1,746.3,469.2,0,,2.72185e+08
1,746.3,469.2,0,,2.72185e+08
1,746.3,469.2,0,,2.72185e+08
1,742.5,502.6,0,,2.72185e+08
1,743.7,482.8,0,,2.72185e+08
1,750,452,0,,2.72185e+08
1,750,452,0,,2.72185e+08
1,754.8,442,0,,2.72185e+08
1,755.3,443.5,0,,2.72185e+08
1,757.7,436.4,0,,2.72185e+08
1,757.7,436.4,0,,2.72185e+08
1,757.7,436.4,0,,2.72185e+08
1,761.6,423.3,0,,2.72185e+08
1,758.9,422.2,0,,2.72185e+08
1,758.9,422.2,0,,2.72185e+08
1,756.7,426.8,0,,2.72185e+08
1,758.8,423.7,0,,2.72185e+08
1,758.8,423.7,0,,2.72185e+08
1,754,431.2,0,,2.72185e+08
1,751.3,432.8,0,,2.72185e+08
1,751.3,432.8,0,,2.72185e+08
1,759.4,428.6,0,,2.72185e+08
1,759.4,428.6,0,,2.72185e+08
1,750.3,420.5,0,,2.72185e+08
1,748.5,419.9,0,,2.72185e+08
1,748.5,419.9,0,,2.72185e+08
1,748.9,418.4,0,,2.72185e+08
1,748.8,419.1,0,,2.72185e+08
1,748.8,419.1,0,,2.72185e+08
1,748.8,419.1,0,,2.72185e+08
1,751.8,419.3,0,,2.72185e+08
1,760.5,422.2,0,,2.72185e+08
1,761.7,423.6,0,,2.72185e+08
1,761.7,423.6,0,,2.72185e+08
1,762.6,424.3,0,,2.72186e+08
1,764.1,422.7,0,,2.72186e+08
1,764.1,422.7,0,,2.72186e+08
1,762.6,407.2,0,,2.72186e+08
1,762.6,407.2,0,,2.72186e+08
1,761.6,402.9,0,,2.72186e+08
1,755.4,414.9,0,,2.72186e+08
1,756,412.7,0,,2.72186e+08
1,756,412.7,0,,2.72186e+08
1,756,412.7,0,,2.72186e+08
1,758.7,396.1,0,,2.72186e+08
1,758.9,391.3,0,,2.72186e+08
1,758.9,391.3,0,,2.72186e+08
1,756.5,395,0,,2.72186e+08
1,756.5,395,0,,2.72186e+08
1,747.2,397.8,0,,2.72186e+08
1,634.7,422.2,0,,2.72186e+08
1,634.7,422.2,0,,2.72186e+08
1,481.5,411,0,,2.72186e+08
1,481.5,411,0,,2.72186e+08
1,481.5,411,0,,2.72186e+08
1,405.9,402.9,0,,2.72186e+08
1,405.9,402.9,0,,2.72186e+08
1,406.5,404.4,0,,2.72186e+08
1,406,405.2,0,,2.72186e+08
1,406,405.2,0,,2.72186e+08
1,366.9,410.3,0,,2.72186e+08
1,361.4,400.7,0,,2.72186e+08
1,361.4,400.7,0,,2.72186e+08
1,359.5,400.2,0,,2.72186e+08
1,359.5,400.2,0,,2.72186e+08
1,390.5,408.7,0,,2.72186e+08
1,385.6,407,0,,2.72186e+08
1,385.6,407,0,,2.72186e+08
1,714.9,383.8,0,,2.72186e+08
1,730.1,382,0,,2.72186e+08
1,728.4,390.2,0,,2.72186e+08
1,723.9,399.3,0,,2.72186e+08
1,723.9,399.3,0,,2.72186e+08
1,721.2,413.6,0,,2.72186e+08
1,723.3,424.9,0,,2.72186e+08
1,723.3,424.9,0,,2.72186e+08
1,720.1,428.3,0,,2.72186e+08
1,728.1,418.3,0,,2.72186e+08
1,728.1,418.3,0,,2.72186e+08
1,733.2,398.9,0,,2.72186e+08
1,733.2,398.9,0,,2.72186e+08
1,733.2,398.9,0,,2.72186e+08
1,743,390.4,0,,2.72186e+08
1,743,390.4,0,,2.72186e+08
1,758.3,400,0,,2.72186e+08
1,769.5,408.6,0,,2.72186e+08
1,769.5,408.6,0,,2.72186e+08
1,802.4,457.1,0,,2.72186e+08
1,802.4,457.1,0,,2.72186e+08
1,793.5,464.2,0,,2.72186e+08
1,793.5,464.2,0,,2.72186e+08
1,793.5,464.2,0,,2.72186e+08
1,792.5,461.9,0,,2.72187e+08
1,802.7,443.2,0,,2.72187e+08
1,802.7,443.2,0,,2.72187e+08
1,804.1,441.5,0,,2.72187e+08
1,803.2,443.6,0,,2.72187e+08
1,803.2,443.6,0,,2.72187e+08
1,800.4,451.5,0,,2.72187e+08
1,798.3,450.4,0,,2.72187e+08
1,798.3,450.4,0,,2.72187e+08
1,793.7,453.6,0,,2.72187e+08
1,794.1,451.9,0,,2.72187e+08
1,796.3,422.6,0,,2.72187e+08
1,791.9,422.7,0,,2.72187e+08
1,791.9,422.7,0,,2.72187e+08
1,787,420.7,0,,2.72187e+08
1,784.4,414.9,0,,2.72187e+08
1,784.4,414.9,0,,2.72187e+08
1,784.3,421.3,0,,2.72187e+08
1,784.3,421.3,0,,2.72187e+08
1,782.5,418.4,0,,2.72187e+08
1,783,413.2,0,,2.72187e+08
1,783,413.2,0,,2.72187e+08
1,781.8,422,0,,2.72187e+08
1,785.8,411.1,0,,2.72187e+08
1,785.8,411.1,0,,2.72187e+08
1,891.6,434.8,0,,2.72187e+08
1,891.6,434.8,0,,2.72187e+08
1,919.8,442.6,0,,2.72187e+08
1,899.6,433.8,0,,2.72187e+08
1,899.6,433.8,0,,2.72187e+08
1,1034.4,435.9,0,,2.72187e+08
1,1080.8,432.7,0,,2.72187e+08
1,1080.8,432.7,0,,2.72187e+08
1,1080.4,433,0,,2.72187e+08
1,1083.8,432.2,0,,2.72187e+08
1,1083.8,432.2,0,,2.72187e+08
1,1076.6,423.4,0,,2.72187e+08
1,1076.6,423.4,0,,2.72187e+08
1,1072.3,425.6,0,,2.72187e+08
1,1021.5,475.4,0,,2.72187e+08
1,1021.5,475.4,0,,2.72187e+08
1,944.4,545.1,0,,2.72187e+08
1,909.8,574.4,0,,2.72187e+08
1,909.8,574.4,0,,2.72187e+08
1,880.6,600.3,0,,2.72187e+08
1,880.6,600.3,0,,2.72187e+08
1,880.9,595.7,0,,2.72187e+08
1,880.2,575.3,0,,2.72187e+08
1,880.2,575.3,0,,2.72187e+08
1,879.6,582.9,0,,2.72187e+08
1,880.2,594.6,0,,2.72187e+08
1,877.8,616.2,0,,2.72187e+08
1,877.8,616.2,0,,2.72187e+08
1,877.8,616.2,0,,2.72187e+08
1,878.5,612.4,0,,2.72187e+08
1,879.8,606.6,0,,2.72187e+08
1,879.8,606.6,0,,2.72187e+08
1,876,611.4,0,,2.72187e+08
1,870.9,611,0,,2.72187e+08
1,870.9,611,0,,2.72187e+08
1,832.1,652,0,,2.72188e+08
1,828.2,651.5,0,,2.72188e+08
1,828.2,651.5,0,,2.72188e+08
1,832.8,635.3,0,,2.72188e+08
1,833.9,631.1,0,,2.72188e+08
1,837.1,622.5,0,,2.72188e+08
1,838.8,620.2,0,,2.72188e+08
1,840.7,617,0,,2.72188e+08
1,839.4,618.9,0,,2.72188e+08
1,839.4,618.9,0,,2.72188e+08
1,839.4,618.9,0,,2.72188e+08
1,831.5,602.8,0,,2.72188e+08
1,831.5,602.8,0,,2.72188e+08
1,810,615.9,0,,2.72188e+08
1,666,678,0,,2.72188e+08
1,666,678,0,,2.72188e+08
1,604.8,684.3,0,,2.72188e+08
1,604.8,684.3,0,,2.72188e+08
1,576.1,685.9,0,,2.72188e+08
1,576.1,685.9,0,,2.72188e+08
1,576.1,685.9,0,,2.72188e+08
1,575.8,677.4,0,,2.72188e+08
1,574.8,657.5,0,,2.72188e+08
1,574.8,657.5,0,,2.72188e+08
1,574.9,653.8,0,,2.72188e+08
1,574.4,654.6,0,,2.72188e+08
1,574.4,654.6,0,,2.72188e+08
1,573.6,658.2,0,,2.72188e+08
1,573.7,677.7,0,,2.72188e+08
1,573.7,677.7,0,,2.72188e+08
1,552.9,703,0,,2.72188e+08
1,552.9,703,0,,2.72188e+08
1,536.6,707.3,0,,2.72188e+08
1,532.3,706.6,0,,2.72188e+08
1,532.3,706.6,0,,2.72188e+08
1,490.1,704.8,0,,2.72188e+08
1,494.7,712.3,0,,2.72188e+08
1,494.7,712.3,0,,2.72188e+08
1,494.8,711.5,0,,2.72188e+08
1,494.8,711.5,0,,2.72188e+08
1,495.2,709.7,0,,2.72188e+08
1,492.4,702.5,0,,2.72188e+08
1,492.4,702.5,0,,2.72188e+08
1,485.8,702,0,,2.72188e+08
1,486,714.7,0,,2.72188e+08
1,486.4,714.6,0,,2.72188e+08
1,486.4,714.6,0,,2.72188e+08
1,486.4,714.6,0,,2.72188e+08
1,533.2,743.6,0,,2.72188e+08
1,525.3,741.9,0,,2.72188e+08
1,525.3,741.9,0,,2.72188e+08
1,802.5,719.4,0,,2.72188e+08
1,856.7,715.1,0,,2.72188e+08
1,856.7,715.1,0,,2.72188e+08
1,861.4,712.4,0,,2.72188e+08
1,862.2,712.5,0,,2.72188e+08
1,862.2,712.5,0,,2.72188e+08
1,877.4,707.6,0,,2.72188e+08
1,877.4,707.6,0,,2.72188e+08
1,872.3,723.7,0,,2.72188e+08
1,872.3,723.7,0,,2.72188e+08
1,868.1,733.4,0,,2.72189e+08
1,865.9,738.8,0,,2.72189e+08
1,852.2,744.5,0,,2.72189e+08
1,852.2,744.5,0,,2.72189e+08
1,855.9,748.1,0,,2.72189e+08
1,855.9,748.1,0,,2.72189e+08
1,845.4,735,0,,2.72189e+08
1,841.7,733.9,0,,2.72189e+08
1,841.7,733.9,0,,2.72189e+08
1,848.7,729.3,0,,2.72189e+08
1,848.7,729.3,0,,2.72189e+08
1,847.1,734.1,0,,2.72189e+08
1,847.1,734.1,0,,2.72189e+08
1,847.1,734.1,0,,2.72189e+08
1,851.7,737.3,0,,2.72189e+08
1,854.3,740.5,0,,2.72189e+08
1,854.3,740.5,0,,2.72189e+08
1,867.8,737.5,0,,2.72189e+08
1,875,735.9,0,,2.72189e+08
1,875,735.9,0,,2.72189e+08
1,875.6,740.1,0,,2.72189e+08
1,880.3,739.9,0,,2.72189e+08
1,876.9,730.9,0,,2.72189e+08
1,860.2,680.4,0,,2.72189e+08
1,860.2,680.4,0,,2.72189e+08
1,832.1,611.7,0,,2.72189e+08
1,815.9,562.9,0,,2.72189e+08
1,815.9,562.9,0,,2.72189e+08
1,805.7,536.5,0,,2.72189e+08
1,808.8,520.7,0,,2.72189e+08
1,808.8,520.7,0,,2.72189e+08
1,803,538,0,,2.72189e+08
1,803,538,0,,2.72189e+08
1,800.4,546.1,0,,2.72189e+08
1,805.3,536,0,,2.72189e+08
1,805.3,536,0,,2.72189e+08
1,792.7,563.7,0,,2.72189e+08
1,796.4,550.6,0,,2.72189e+08
1,792.7,546,0,,2.72189e+08
1,792.7,546,0,,2.72189e+08
1,792.7,546,0,,2.72189e+08
1,788.6,510,0,,2.72189e+08
1,793,524,0,,2.72189e+08
1,793,524,0,,2.72189e+08
1,790.3,514.8,0,,2.72189e+08
1,774.4,463.3,0,,2.72189e+08
1,774.4,463.3,0,,2.72189e+08
1,764.5,429,0,,2.72189e+08
1,764.5,429,0,,2.72189e+08
1,752.8,383.3,0,,2.72189e+08
1,752.9,384,0,,2.72189e+08
1,752.9,384,0,,2.72189e+08
1,748.3,390.1,0,,2.72189e+08
1,742.4,390.2,0,,2.72189e+08
1,742.4,390.2,0,,2.72189e+08
1,728.9,392.4,0,,2.72189e+08
1,725.3,393.9,0,,2.72189e+08
1,725.3,393.9,0,,2.72189e+08
1,694,400.2,0,,2.72189e+08
1,694,400.2,0,,2.72189e+08
1,696.1,396,0,,2.7219e+08
1,702.2,388.2,0,,2.7219e+08
1,702.2,388.2,0,,2.7219e+08
1,698.4,394.4,0,,2.7219e+08
1,697.5,398.5,0,,2.7219e+08
1,693.6,399.6,0,,2.7219e+08
1,693.6,399.6,0,,2.7219e+08
1,693.6,399.6,0,,2.7219e+08
1,697.6,412.1,0,,2.7219e+08
1,708.6,430.4,0,,2.7219e+08
1,708.6,430.4,0,,2.7219e+08
1,753.7,417.3,0,,2.7219e+08
1,765.3,410.9,0,,2.7219e+08
1,765.3,410.9,0,,2.7219e+08
1,792.8,394.5,0,,2.7219e+08
1,792.8,395.7,0,,2.7219e+08
1,791.1,397.9,0,,2.7219e+08
1,789.9,400,0,,2.7219e+08
1,789.9,400,0,,2.7219e+08
1,792.3,416.9,0,,2.7219e+08
1,787.7,411.6,0,,2.7219e+08
1,787.7,411.6,0,,2.7219e+08
1,879.3,411,0,,2.7219e+08
1,875.4,410,0,,2.7219e+08
1,875.4,410,0,,2.7219e+08
1,886.9,406.2,0,,2.7219e+08
1,886.9,406.2,0,,2.7219e+08
1,881.3,415.1,0,,2.7219e+08
1,884.5,414.3,0,,2.7219e+08
1,884.5,414.3,0,,2.7219e+08
1,891.7,420.5,0,,2.7219e+08
1,890.5,419.6,0,,2.7219e+08
1,1001.4,410,0,,2.7219e+08
1,1001.4,410,0,,2.7219e+08
1,1001.4,410,0,,2.7219e+08
1,1001.4,410,0,,2.7219e+08
1,1008.8,410.3,0,,2.7219e+08
1,1008.8,410.3,0,,2.7219e+08
1,1013,414.9,0,,2.7219e+08
1,1013,414.9,0,,2.7219e+08
1,1010.1,420.5,0,,2.7219e+08
1,1007.3,425.1,0,,2.7219e+08
1,1007.3,425.1,0,,2.7219e+08
1,985.1,446.1,0,,2.7219e+08
1,971.4,456,0,,2.7219e+08
1,971.4,456,0,,2.7219e+08
1,881.9,483.5,0,,2.7219e+08
1,859.8,489.5,0,,2.7219e+08
1,859.8,489.5,0,,2.7219e+08
1,775.7,512.5,0,,2.7219e+08
1,779.4,509.5,0,,2.7219e+08
1,779.4,509.5,0,,2.7219e+08
1,779.4,509.5,0,,2.7219e+08
1,779.4,509.5,0,,2.7219e+08
1,779.4,509.5,0,,2.7219e+08
1,779.4,509.5,0,,2.7219e+08
1,779.4,509.5,0,,2.7219e+08
1,779.4,509.5,0,,2.7219e+08
1,779.4,509.5,0,,2.7219e+08
1,779.4,509.5,0,,2.7219e+08
1,764.7,555,0,,2.72191e+08
1,764.7,555,0,,2.72191e+08
1,776.6,556.6,0,,2.72191e+08
1,775.1,556.4,0,,2.72191e+08
1,775.1,556.4,0,,2.72191e+08
1,801.1,552.3,0,,2.72191e+08
1,813.6,555.5,0,,2.72191e+08
1,813.6,555.5,0,,2.72191e+08
1,816.1,573.2,0,,2.72191e+08
1,816.1,573.2,0,,2.72191e+08
1,840.6,589.1,0,,2.72191e+08
1,843.5,591,0,,2.72191e+08
1,843.5,591,0,,2.72191e+08
1,856.7,596.7,0,,2.72191e+08
1,853.1,592.6,0,,2.72191e+08
1,853.1,592.6,0,,2.72191e+08
1,852.7,588.9,0,,2.72191e+08
1,852.1,588.3,0,,2.72191e+08
1,852.1,588.3,0,,2.72191e+08
1,860.2,588,0,,2.72191e+08
1,860.2,588,0,,2.72191e+08
1,886.3,594.6,0,,2.72191e+08
1,911.3,603.7,0,,2.72191e+08
1,911.3,603.7,0,,2.72191e+08
1,938.8,604.5,0,,2.72191e+08
1,942.2,603.9,0,,2.72191e+08
1,995.8,592.8,0,,2.72191e+08
1,995.8,592.8,0,,2.72191e+08
1,995.8,592.8,0,,2.72191e+08
1,993,595,0,,2.72191e+08
1,991.4,591.7,0,,2.72191e+08
1,991.4,591.7,0,,2.72191e+08
1,993.4,590.1,0,,2.72191e+08
1,995,589.8,0,,2.72191e+08
1,995,589.8,0,,2.72191e+08
1,993.7,592.5,0,,2.72191e+08
1,993.7,594.1,0,,2.72191e+08
1,998.9,581.2,0,,2.72191e+08
1,997.9,584,0,,2.72191e+08
1,997.9,584,0,,2.72191e+08
1,994.9,594.4,0,,2.72191e+08
1,993.2,598.5,0,,2.72191e+08
1,993.2,598.5,0,,2.72191e+08
1,990.7,601.1,0,,2.72191e+08
1,990.7,601.1,0,,2.72191e+08
1,990.7,601.1,0,,2.72191e+08
1,1021.7,582.8,0,,2.72191e+08
1,1021.7,582.8,0,,2.72191e+08
1,1044,586.2,0,,2.72191e+08
1,1091.7,585.2,0,,2.72191e+08
1,1091.7,585.2,0,,2.72191e+08
1,1116.9,585.3,0,,2.72191e+08
1,1116.9,585.3,0,,2.72191e+08
1,1124,580.9,0,,2.72191e+08
1,1124,580.9,0,,2.72191e+08
1,1124,580.9,0,,2.72191e+08
1,1120.1,583.2,0,,2.72191e+08
1,1123.6,581.6,0,,2.72191e+08
1,1123.6,581.6,0,,2.72191e+08
1,1113.8,597,0,,2.72192e+08
1,1110.3,591.4,0,,2.72192e+08
1,1116.3,590.2,0,,2.72192e+08
1,1123.4,588.4,0,,2.72192e+08
1,1123.4,588.4,0,,2.72192e+08
1,1123.4,588.4,0,,2.72192e+08
1,1123.4,588.4,0,,2.72192e+08
1,1123.4,588.4,0,,2.72192e+08
1,1123.4,588.4,0,,2.72192e+08
1,1123.4,588.4,0,,2.72192e+08
1,1123.4,588.4,0,,2.72192e+08
1,1123.4,588.4,0,,2.72192e+08
1,1159.4,681.1,0,,2.72192e+08
1,1159.4,681.1,0,,2.72192e+08
1,1176.1,522.7,0,,2.72192e+08
1,1176.1,522.7,0,,2.72192e+08
1,1182,533.3,0,,2.72192e+08
1,1180.2,569.4,0,,2.72192e+08
1,1180.2,569.4,0,,2.72192e+08
1,1191.6,571.2,0,,2.72192e+08
1,1195.9,580.7,0,,2.72192e+08
1,1312.8,588.6,0,,2.72192e+08
1,1312.8,588.6,0,,2.72192e+08
1,1312.8,588.6,0,,2.72192e+08
1,1341.8,589.2,0,,2.72192e+08
1,1348.2,585.6,0,,2.72192e+08
1,1348.2,585.6,0,,2.72192e+08
1,1364,592.7,0,,2.72192e+08
1,1364,592.8,0,,2.72192e+08
1,1362.3,592.6,0,,2.72192e+08
1,1360.5,593,0,,2.72192e+08
1,1360.5,593,0,,2.72192e+08
1,1353.5,586.5,0,,2.72192e+08
1,1352.2,585.4,0,,2.72192e+08
1,1352.2,585.4,0,,2.72192e+08
1,1352.8,585.8,0,,2.72192e+08
1,1356,591.8,0,,2.72192e+08
1,1356,591.8,0,,2.72192e+08
1,1358.9,595.5,0,,2.72192e+08
1,1360.3,597.2,0,,2.72192e+08
1,1360.3,597.2,0,,2.72192e+08
1,1363.2,598,0,,2.72192e+08
1,1363.2,598,0,,2.72192e+08
1,1360.6,596.4,0,,2.72192e+08
1,1336.6,609.3,0,,2.72192e+08
1,1336.6,609.3,0,,2.72192e+08
1,1345.9,601.9,0,,2.72192e+08
1,1349.8,602.8,0,,2.72192e+08
1,1370.9,596.4,0,,2.72192e+08
1,1370.9,596.4,0,,2.72192e+08
1,1370.9,596.4,0,,2.72192e+08
1,1425,595.3,0,,2.72192e+08
1,1419.6,601.8,0,,2.72192e+08
1,1419.6,601.8,0,,2.72192e+08
1,1418.2,596.2,0,,2.72192e+08
1,1418.3,595.8,0,,2.72192e+08
1,1418.3,595.8,0,,2.72192e+08
1,1423.1,599.7,0,,2.72192e+08
1,1423.1,599.7,0,,2.72192e+08
1,1422.3,601.5,0,,2.72192e+08
1,1417.8,603.8,0,,2.72193e+08
1,1417.8,603.8,0,,2.72193e+08
1,1405.1,606.7,0,,2.72193e+08
1,1367.3,593.5,0,,2.72193e+08
1,1047.6,604.4,0,,2.72193e+08
1,1047.6,604.4,0,,2.72193e+08
1,827.6,612.8,0,,2.72193e+08
1,827.6,612.8,0,,2.72193e+08
1,754.4,615.4,0,,2.72193e+08
1,754.4,615.4,0,,2.72193e+08
1,419.4,634.5,0,,2.72193e+08
1,408.9,635,0,,2.72193e+08
1,408.9,635,0,,2.72193e+08
1,401,634.3,0,,2.72193e+08
1,399.1,637.4,0,,2.72193e+08
1,391,638.9,0,,2.72193e+08
1,391,638.9,0,,2.72193e+08
1,391,638.9,0,,2.72193e+08
1,361.8,654.2,0,,2.72193e+08
1,353.1,644.2,0,,2.72193e+08
1,353.1,644.2,0,,2.72193e+08
1,357,663.8,0,,2.72193e+08
1,332.8,652.3,0,,2.72193e+08
1,327.8,654.3,0,,2.72193e+08
1,325.7,656.2,0,,2.72193e+08
1,325.7,656.2,0,,2.72193e+08
1,297.8,657.2,0,,2.72193e+08
1,279.1,648,0,,2.72193e+08
1,279.1,648,0,,2.72193e+08
1,284.9,648.9,0,,2.72193e+08
1,285.5,650.7,0,,2.72193e+08
1,285.5,650.7,0,,2.72193e+08
1,280,653.4,0,,2.72193e+08
1,295.5,663,0,,2.72193e+08
1,295.5,663,0,,2.72193e+08
1,286.2,666.7,0,,2.72193e+08
1,286.2,666.7,0,,2.72193e+08
1,288.7,668.8,0,,2.72193e+08
1,291.2,667.9,0,,2.72193e+08
1,291.2,667.9,0,,2.72193e+08
1,551,673.3,0,,2.72193e+08
1,605.2,673.7,0,,2.72193e+08
1,680.1,675.2,0,,2.72193e+08
1,680.1,675.2,0,,2.72193e+08
1,680.1,675.2,0,,2.72193e+08
1,988.4,679,0,,2.72193e+08
1,989.7,677.3,0,,2.72193e+08
1,990.3,673.2,0,,2.72193e+08
1,987.7,669.8,0,,2.72193e+08
1,987.7,669.8,0,,2.72193e+08
1,990.9,664.7,0,,2.72193e+08
1,990.9,664.5,0,,2.72193e+08
1,990.9,664.5,0,,2.72193e+08
1,1041.3,670.8,0,,2.72193e+08
1,1083.7,677.7,0,,2.72193e+08
1,1083.7,677.7,0,,2.72193e+08
1,1112.2,674.2,0,,2.72193e+08
1,1118.3,674.3,0,,2.72193e+08
1,1239.5,653.1,0,,2.72193e+08
1,1241.5,652.7,0,,2.72193e+08
1,1241.5,652.7,0,,2.72193e+08
1,1241.5,652.7,0,,2.72193e+08
1,1245.2,644.5,0,,2.72194e+08
1,1245.2,644.5,0,,2.72194e+08
1,1297.2,634.2,0,,2.72194e+08
1,1297.2,634.2,0,,2.72194e+08
1,1316.2,634.5,0,,2.72194e+08
1,1321,636.8,0,,2.72194e+08
1,1321,636.8,0,,2.72194e+08
1,1357,642.8,0,,2.72194e+08
1,1357,642.8,0,,2.72194e+08
1,1357,642.8,0,,2.72194e+08
1,1353.9,643.9,0,,2.72194e+08
1,1353.9,643.7,0,,2.72194e+08
1,1353.9,643.7,0,,2.72194e+08
1,1357.8,641.1,0,,2.72194e+08
1,1352.9,643.9,0,,2.72194e+08
1,1342.5,647.6,0,,2.72194e+08
1,1341.2,648.8,0,,2.72194e+08
1,1341.2,648.8,0,,2.72194e+08
1,1340.4,649.8,0,,2.72194e+08
1,1338.5,652.9,0,,2.72194e+08
1,1338.5,652.9,0,,2.72194e+08
1,1400.2,650.1,0,,2.72194e+08
1,1411.5,640.9,0,,2.72194e+08
1,1412,644.3,0,,2.72194e+08
1,1395.4,658.4,0,,2.72194e+08
1,1395.4,658.4,0,,2.72194e+08
1,1395.4,658.4,0,,2.72194e+08
1,1402.2,657.9,0,,2.72194e+08
1,1402.2,657.9,0,,2.72194e+08
1,1401.7,668.2,0,,2.72194e+08
1,1397.1,659.4,0,,2.72194e+08
1,1398.8,661,0,,2.72194e+08
1,1398.9,657.3,0,,2.72194e+08
1,1398.9,657.3,0,,2.72194e+08
1,1394.4,657.5,0,,2.72194e+08
1,1394.4,657.5,0,,2.72194e+08
1,1394.4,657.5,0,,2.72194e+08
1,1358,672.2,0,,2.72194e+08
1,1348.6,666.9,0,,2.72194e+08
1,1348.6,666.9,0,,2.72194e+08
1,1235.8,666.7,0,,2.72194e+08
1,1170,662.3,0,,2.72194e+08
1,1170,662.3,0,,2.72194e+08
1,1170,662.3,0,,2.72194e+08
1,1173.4,665.2,0,,2.72194e+08
1,1182,652.2,0,,2.72194e+08
1,1180.7,647.8,0,,2.72194e+08
1,1180.7,647.8,0,,2.72194e+08
1,1174.7,651.7,0,,2.72194e+08
1,1116.5,654.4,0,,2.72194e+08
1,1061.4,657.9,0,,2.72194e+08
1,1053.3,658.4,0,,2.72194e+08
1,1053.3,658.4,0,,2.72194e+08
1,1053.3,658.4,0,,2.72194e+08
1,923.2,662.4,0,,2.72194e+08
1,924.8,663.1,0,,2.72194e+08
1,928.2,665.5,0,,2.72194e+08
1,928.2,665.5,0,,2.72194e+08
1,920.7,668.5,0,,2.72195e+08
1,919.4,667,0,,2.72195e+08
1,919.4,667,0,,2.72195e+08
1,915.7,672.2,0,,2.72195e+08
1,915.7,672.2,0,,2.72195e+08
1,915.7,672.2,0,,2.72195e+08
1,896.1,685.1,0,,2.72195e+08
1,896.1,685.1,0,,2.72195e+08
1,854.4,672.9,0,,2.72195e+08
1,814.6,663.1,0,,2.72195e+08
1,814.6,663.1,0,,2.72195e+08
1,766.7,680,0,,2.72195e+08
1,741.5,688.2,0,,2.72195e+08
1,741.5,688.2,0,,2.72195e+08
1,741.5,688.2,0,,2.72195e+08
1,711.3,713.3,0,,2.72195e+08
1,711.3,713.3,0,,2.72195e+08
1,711.3,717.4,0,,2.72195e+08
1,715.4,717.2,0,,2.72195e+08
1,717.7,700.3,0,,2.72195e+08
1,717.2,703,0,,2.72195e+08
1,717.2,703,0,,2.72195e+08
1,717.2,703,0,,2.72195e+08
1,717.2,699.9,0,,2.72195e+08
1,717.2,699.9,0,,2.72195e+08
1,704.9,721.9,0,,2.72195e+08
1,701.3,722.6,0,,2.72195e+08
1,701.3,722.6,0,,2.72195e+08
1,687.1,730.6,0,,2.72195e+08
1,673.5,736.7,0,,2.72195e+08
1,671.3,737.8,0,,2.72195e+08
1,671.3,737.8,0,,2.72195e+08
1,671.3,737.8,0,,2.72195e+08
1,683.6,731.6,0,,2.72195e+08
1,683.6,731.6,0,,2.72195e+08
1,867.5,754.4,0,,2.72195e+08
1,896.2,747.6,0,,2.72195e+08
1,896.2,747.6,0,,2.72195e+08
1,902.9,746.4,0,,2.72195e+08
1,917,742.8,0,,2.72195e+08
1,917,742.8,0,,2.72195e+08
1,923.8,742.2,0,,2.72195e+08
1,924.2,743,0,,2.72195e+08
1,924.8,748.9,0,,2.72195e+08
1,925,751.8,0,,2.72195e+08
1,925,751.8,0,,2.72195e+08
1,925.7,749.6,0,,2.72195e+08
1,922.4,751.3,0,,2.72195e+08
1,922.4,751.3,0,,2.72195e+08
1,922.4,751.3,0,,2.72195e+08
1,945.5,747.3,0,,2.72195e+08
1,945.5,747.3,0,,2.72195e+08
1,985.9,747.7,0,,2.72195e+08
1,1032.3,752.2,0,,2.72195e+08
1,1032.3,752.2,0,,2.72195e+08
1,1076.4,753.9,0,,2.72195e+08
1,1076.4,753.9,0,,2.72195e+08
1,1070.2,756.2,0,,2.72195e+08
1,1070.2,756.2,0,,2.72195e+08
1,1070.2,756.2,0,,2.72195e+08
1,1073.8,738.6,0,,2.72196e+08
1,1073.6,740.3,0,,2.72196e+08
1,1073.6,740.3,0,,2.72196e+08
1,1065.5,746.3,0,,2.72196e+08
1,1065.5,746.3,0,,2.72196e+08
1,1050.2,742.1,0,,2.72196e+08
1,1041.7,751.6,0,,2.72196e+08
1,1041.7,751.6,0,,2.72196e+08
1,1037.5,749.6,0,,2.72196e+08
1,1037.5,743.5,0,,2.72196e+08
1,1037,738.5,0,,2.72196e+08
1,1031.6,734.5,0,,2.72196e+08
1,1031.6,734.5,0,,2.72196e+08
1,1020.1,738.8,0,,2.72196e+08
1,1018.6,741.8,0,,2.72196e+08
1,1018.6,741.8,0,,2.72196e+08
1,1018.6,741.8,0,,2.72196e+08
1,1010.9,747.6,0,,2.72196e+08
1,1010.9,747.6,0,,2.72196e+08
1,1006.9,749.4,0,,2.72196e+08
1,1007.9,750.8,0,,2.72196e+08
1,1007.9,750.8,0,,2.72196e+08
1,1005.6,761.1,0,,2.72196e+08
1,1005.6,761.1,0,,2.72196e+08
1,1008.6,754.6,0,,2.72196e+08
1,1008.6,754.6,0,,2.72196e+08
1,1008.6,754.6,0,,2.72196e+08
1,978.5,744.5,0,,2.72196e+08
1,983.6,744.2,0,,2.72196e+08
1,802.3,757.6,0,,2.72196e+08
1,790.5,758.6,0,,2.72196e+08
1,790.5,758.6,0,,2.72196e+08
1,787.5,758.6,0,,2.72196e+08
1,780.6,758.3,0,,2.72196e+08
1,780.6,758.3,0,,2.72196e+08
1,781.8,754.4,0,,2.72196e+08
1,778,747.9,0,,2.72196e+08
1,778.5,751.9,0,,2.72196e+08
1,777.8,751.1,0,,2.72196e+08
1,777.8,751.1,0,,2.72196e+08
1,785,758.5,0,,2.72196e+08
1,782.8,758.4,0,,2.72196e+08
1,782.8,758.4,0,,2.72196e+08
1,782.8,758.4,0,,2.72196e+08
1,806.6,753.2,0,,2.72196e+08
1,806.6,753.2,0,,2.72196e+08
1,821,748.9,0,,2.72196e+08
1,836.4,748.9,0,,2.72196e+08
1,844.6,745,0,,2.72196e+08
1,845.3,750.1,0,,2.72196e+08
1,845.3,750.1,0,,2.72196e+08
1,843.3,755.4,0,,2.72196e+08
1,843.3,755.4,0,,2.72196e+08
1,843.3,755.4,0,,2.72196e+08
1,838.2,760.8,0,,2.72196e+08
1,844.2,755.9,0,,2.72196e+08
1,854.7,754,0,,2.72196e+08
1,854,750.2,0,,2.72196e+08
1,854,750.2,0,,2.72196e+08
1,854,750.2,0,,2.72196e+08
1,852.5,752.3,0,,2.72197e+08
1,852.5,752.3,0,,2.72197e+08
1,863.8,749.1,0,,2.72197e+08
1,863.8,749.1,0,,2.72197e+08
1,866.7,747.7,0,,2.72197e+08
1,866.4,749.1,0,,2.72197e+08
1,866.4,749.1,0,,2.72197e+08
1,982.9,738,0,,2.72197e+08
1,1013.4,741.8,0,,2.72197e+08
1,1013.4,741.8,0,,2.72197e+08
1,1013.4,741.8,0,,2.72197e+08
1,1030.9,743.5,0,,2.72197e+08
1,1025,744.7,0,,2.72197e+08
1,1024.8,746,0,,2.72197e+08
1,1024.8,746,0,,2.72197e+08
1,1020.3,748.9,0,,2.72197e+08
1,1018.2,750.2,0,,2.72197e+08
1,1018.2,750.2,0,,2.72197e+08
1,1015.6,753,0,,2.72197e+08
1,1015.6,753,0,,2.72197e+08
1,1033.9,760.3,0,,2.72197e+08
1,1033.9,760.3,0,,2.72197e+08
1,1030.5,760.6,0,,2.72197e+08
1,1288,732.8,0,,2.72197e+08
1,1288,732.8,0,,2.72197e+08
1,1295.5,732.5,0,,2.72197e+08
1,1299.3,735.7,0,,2.72197e+08
1,1308.9,742.2,0,,2.72197e+08
1,1308.9,742.2,0,,2.72197e+08
1,1305.7,749.2,0,,2.72197e+08
1,1305.5,749.7,0,,2.72197e+08
1,1305.5,749.7,0,,2.72197e+08
1,1313.7,744.6,0,,2.72197e+08
1,1313.7,744.6,0,,2.72197e+08
1,1316.2,742.2,0,,2.72197e+08
1,1315.5,743.9,0,,2.72197e+08
1,1315.5,743.9,0,,2.72197e+08
1,1315.5,743.9,0,,2.72197e+08
1,1330.7,762.8,0,,2.72197e+08
1,1330.7,762.8,0,,2.72197e+08
1,1332.5,776.8,0,,2.72197e+08
1,1343.2,788.8,0,,2.72197e+08
1,1347.9,793.5,0,,2.72197e+08
1,1350.7,798.7,0,,2.72197e+08
1,1350.7,798.7,0,,2.72197e+08
1,1351,794.4,0,,2.72197e+08
1,1351,794.4,0,,2.72197e+08
1,1351,794.4,0,,2.72197e+08
1,1353.4,795.2,0,,2.72197e+08
1,1351.3,787.3,0,,2.72197e+08
1,1351.3,787.3,0,,2.72197e+08
1,1343,791.7,0,,2.72197e+08
1,1328.9,802.4,0,,2.72197e+08
1,1323.9,811.4,0,,2.72197e+08
1,1326.2,810.3,0,,2.72197e+08
1,1326.2,810.3,0,,2.72197e+08
1,1317.1,810.1,0,,2.72197e+08
1,1317.1,810.1,0,,2.72197e+08
1,1317.5,804.8,0,,2.72197e+08
1,1317.6,802.9,0,,2.72198e+08
1,1317.6,802.9,0,,2.72198e+08
1,1316.9,790.3,0,,2.72198e+08
1,1312.6,787.9,0,,2.72198e+08
1,1312.6,787.9,0,,2.72198e+08
1,1312.6,787.9,0,,2.72198e+08
1,1286.3,786.7,0,,2.72198e+08
1,1286.3,786.7,0,,2.72198e+08
1,1108.5,802.6,0,,2.72198e+08
1,1108.5,802.6,0,,2.72198e+08
1,986,818.6,0,,2.72198e+08
1,984.4,820.6,0,,2.72198e+08
1,984.4,820.6,0,,2.72198e+08
1,983.3,822.2,0,,2.72198e+08
1,983.3,822.2,0,,2.72198e+08
1,983.3,822.2,0,,2.72198e+08
1,981.1,821.1,0,,2.72198e+08
1,983.6,820.3,0,,2.72198e+08
1,995.9,822.8,0,,2.72198e+08
1,999.2,825.3,0,,2.72198e+08
1,999.2,825.3,0,,2.72198e+08
1,999.3,826.3,0,,2.72198e+08
1,999.1,826.5,0,,2.72198e+08
1,999.1,826.5,0,,2.72198e+08
1,998.5,828.5,0,,2.72198e+08
1,990.7,838.4,0,,2.72198e+08
1,990.7,838.4,0,,2.72198e+08
1,985.7,857.6,0,,2.72198e+08
1,985.7,857.6,0,,2.72198e+08
1,923.3,815.8,0,,2.72198e+08
1,923.3,815.8,0,,2.72198e+08
1,923.3,815.8,0,,2.72198e+08
1,923.3,815.8,0,,2.72198e+08
1,762.3,852.4,0,,2.72198e+08
1,762.3,852.4,0,,2.72198e+08
1,628.7,880.2,0,,2.72198e+08
1,649.3,868.7,0,,2.72198e+08
1,591.7,908.6,0,,2.72198e+08
1,586.9,903.4,0,,2.72198e+08
1,586.9,903.4,0,,2.72198e+08
1,597,934.7,0,,2.72198e+08
1,597,934.7,0,,2.72198e+08
1,597,934.7,0,,2.72198e+08
1,593,937.8,0,,2.72198e+08
1,588,926.5,0,,2.72198e+08
1,567,889.1,0,,2.72198e+08
1,573.6,895.8,0,,2.72198e+08
1,573.6,895.8,0,,2.72198e+08
1,575.4,902,0,,2.72198e+08
1,573.2,903.6,0,,2.72198e+08
1,573.2,903.6,0,,2.72198e+08
1,591.6,894.2,0,,2.72198e+08
1,611.2,882.5,0,,2.72198e+08
1,631.6,906.4,0,,2.72198e+08
1,638.8,910.3,0,,2.72198e+08
1,638.8,910.3,0,,2.72198e+08
1,655.6,926.2,0,,2.72198e+08
1,653.7,925.1,0,,2.72198e+08
1,653.7,925.1,0,,2.72198e+08
1,653.7,925.1,0,,2.72198e+08
1,652.6,917.2,0,,2.72198e+08
1,652.6,917.2,0,,2.72198e+08
1,676.3,928,0,,2.72199e+08
1,676.3,928,0,,2.72199e+08
1,693.3,931.1,0,,2.72199e+08
1,704.7,926.9,0,,2.72199e+08
1,704.7,926.9,0,,2.72199e+08
1,698.5,914.9,0,,2.72199e+08
1,698.5,914.9,0,,2.72199e+08
1,698.5,914.9,0,,2.72199e+08
1,672.7,893.5,0,,2.72199e+08
1,655.8,871.1,0,,2.72199e+08
1,674.2,843.7,0,,2.72199e+08
1,679.7,842.2,0,,2.72199e+08
1,679.7,842.2,0,,2.72199e+08
1,717.5,853.3,0,,2.72199e+08
1,703.7,846.8,0,,2.72199e+08
1,703.7,846.8,0,,2.72199e+08
1,758.5,862.8,0,,2.72199e+08
1,766.9,858.7,0,,2.72199e+08
1,769.2,841.5,0,,2.72199e+08
1,766.5,842.3,0,,2.72199e+08
1,766.5,842.3,0,,2.72199e+08
1,763.9,837.2,0,,2.72199e+08
1,765,834.4,0,,2.72199e+08
1,765,834.4,0,,2.72199e+08
1,765,834.4,0,,2.72199e+08
1,764.9,829.4,0,,2.72199e+08
1,764.9,829.4,0,,2.72199e+08
1,772.7,820.9,0,,2.72199e+08
1,772.7,820.9,0,,2.72199e+08
1,772.5,790.1,0,,2.72199e+08
1,767.5,794,0,,2.72199e+08
1,767.5,794,0,,2.72199e+08
1,767.5,794,0,,2.72199e+08
1,767.5,794,0,,2.72199e+08
1,767.5,794,0,,2.72199e+08
1,767.5,794,0,,2.72199e+08
1,767.5,794,0,,2.72199e+08
1,767.5,794,0,,2.72199e+08
1,767.5,794,0,,2.72199e+08
1,767.5,794,0,,2.72199e+08
1,530.1,434.1,0,,2.72199e+08
1,564.7,573.5,0,,2.72199e+08
1,564.7,573.5,0,,2.72199e+08
1,565.9,581.1,0,,2.72199e+08
1,551.8,532.2,0,,2.72199e+08
1,549,523.4,0,,2.72199e+08
1,543.1,527.1,0,,2.72199e+08
1,543.1,527.1,0,,2.72199e+08
1,537.4,542.9,0,,2.72199e+08
1,537.6,562,0,,2.72199e+08
1,537.6,562,0,,2.72199e+08
1,566.2,583.6,0,,2.72199e+08
1,566.2,583.6,0,,2.72199e+08
1,601.4,591,0,,2.72199e+08
1,671.9,599.8,0,,2.72199e+08
1,671.9,599.8,0,,2.72199e+08
1,767.5,629.1,0,,2.72199e+08
1,775.4,639.6,0,,2.72199e+08
1,775.4,639.6,0,,2.72199e+08
1,826.9,665.8,0,,2.722e+08
1,826.9,665.8,0,,2.722e+08
1,826.9,665.8,0,,2.722e+08
1,815.3,655.1,0,,2.722e+08
1,816.9,639.3,0,,2.722e+08
1,815.3,646.2,0,,2.722e+08
1,814.8,642.2,0,,2.722e+08
1,814.8,642.2,0,,2.722e+08
1,805.2,629.3,0,,2.722e+08
1,805.2,629.3,0,,2.722e+08
1,810.6,618.7,0,,2.722e+08
1,813.2,604,0,,2.722e+08
1,813.2,604,0,,2.722e+08
1,813.2,604,0,,2.722e+08
1,815,617.1,0,,2.722e+08
1,815,617.1,0,,2.722e+08
1,815,617.1,0,,2.722e+08
1,815,617.1,0,,2.722e+08
1,815,617.1,0,,2.722e+08
1,815,617.1,0,,2.722e+08
1,815,617.1,0,,2.722e+08
1,815,617.1,0,,2.722e+08
1,815,617.1,0,,2.722e+08
1,815,617.1,0,,2.722e+08
1,815,617.1,0,,2.722e+08
1,849,569.4,0,,2.722e+08
1,849,569.4,0,,2.722e+08
1,860.3,584.1,0,,2.722e+08
1,860.3,584.1,0,,2.722e+08
1,860.3,584.1,0,,2.722e+08
1,852.4,539.8,0,,2.722e+08
1,835.7,488.6,0,,2.722e+08
1,795,432,0,,2.722e+08
1,781,435.1,0,,2.722e+08
1,781,435.1,0,,2.722e+08
1,774.4,429.8,0,,2.722e+08
1,773.5,418.2,0,,2.722e+08
1,773.5,418.2,0,,2.722e+08
1,778.5,423.6,0,,2.722e+08
1,896.5,424.9,0,,2.722e+08
1,921,419.9,0,,2.722e+08
1,975,399.2,0,,2.722e+08
1,975,399.2,0,,2.722e+08
1,1067.2,374.7,0,,2.722e+08
1,1058.8,380.4,0,,2.722e+08
1,1058.8,380.4,0,,2.722e+08
1,1058.8,380.4,0,,2.722e+08
1,1046.4,387.5,0,,2.722e+08
1,1056.4,363.2,0,,2.722e+08
1,1058.9,351.5,0,,2.722e+08
1,1058.9,351.5,0,,2.722e+08
1,1046.3,350.5,0,,2.722e+08
1,1039.8,348,0,,2.722e+08
1,1039.8,348,0,,2.722e+08
1,1022.1,361.3,0,,2.722e+08
1,1022.1,361.3,0,,2.722e+08
1,1022.1,361.3,0,,2.722e+08
1,1022.2,363.3,0,,2.722e+08
1,1026.8,366.1,0,,2.722e+08
1,1021.6,371.6,0,,2.72201e+08
1,1024.4,368.5,0,,2.72201e+08
1,1024.4,368.5,0,,2.72201e+08
1,1013.2,359.3,0,,2.72201e+08
1,1001.6,353.6,0,,2.72201e+08
1,1001.6,353.6,0,,2.72201e+08
1,924.9,363.8,0,,2.72201e+08
1,906.2,362.3,0,,2.72201e+08
1,906.2,362.3,0,,2.72201e+08
1,890.8,347.5,0,,2.72201e+08
1,890.8,347.5,0,,2.72201e+08
1,887.6,346.4,0,,2.72201e+08
1,888,347.8,0,,2.72201e+08
1,888,347.8,0,,2.72201e+08
1,888,347.8,0,,2.72201e+08
1,860.4,420,0,,2.72201e+08
1,852.6,438.7,0,,2.72201e+08
1,855,433.6,0,,2.72201e+08
1,855,433.6,0,,2.72201e+08
1,864.3,410.4,0,,2.72201e+08
1,871.4,399.5,0,,2.72201e+08
1,871.4,399.5,0,,2.72201e+08
1,853.1,393.4,0,,2.72201e+08
1,853.1,393.4,0,,2.72201e+08
1,831.7,392.3,0,,2.72201e+08
1,833.9,391.1,0,,2.72201e+08
1,833.9,391.1,0,,2.72201e+08
1,803.4,371.2,0,,2.72201e+08
1,778.1,388.9,0,,2.72201e+08
1,778.1,388.9,0,,2.72201e+08
1,779.2,387.6,0,,2.72201e+08
1,790.8,377.3,0,,2.72201e+08
1,790.8,377.3,0,,2.72201e+08
1,776.4,371.4,0,,2.72201e+08
1,771.6,385,0,,2.72201e+08
1,774.4,380.6,0,,2.72201e+08
1,768.9,404,0,,2.72201e+08
1,768.9,404,0,,2.72201e+08
1,766.4,411.7,0,,2.72201e+08
1,765.3,411.2,0,,2.72201e+08
1,765.3,411.2,0,,2.72201e+08
1,760,432,0,,2.72201e+08
1,760,432,0,,2.72201e+08
1,808.4,452,0,,2.72201e+08
1,846,449,0,,2.72201e+08
1,846,449,0,,2.72201e+08
1,941.5,447.6,0,,2.72201e+08
1,967.2,449.4,0,,2.72201e+08
1,967.2,449.4,0,,2.72201e+08
1,1053.2,444.6,0,,2.72201e+08
1,1053.2,444.6,0,,2.72201e+08
1,1043.5,432.7,0,,2.72201e+08
1,1045.9,429,0,,2.72201e+08
1,1045.9,429,0,,2.72201e+08
1,1048.9,422.6,0,,2.72201e+08
1,1052.3,418.1,0,,2.72201e+08
1,1052.3,418.1,0,,2.72201e+08
1,1057.1,417.2,0,,2.72201e+08
1,1064.1,444.8,0,,2.72201e+08
1,1064.1,444.8,0,,2.72201e+08
1,1071.2,443.5,0,,2.72201e+08
1,1082.7,441.3,0,,2.72202e+08
1,1109.8,431,0,,2.72202e+08
1,1108.8,431.1,0,,2.72202e+08
1,1108.8,431.1,0,,2.72202e+08
1,1104.1,426.7,0,,2.72202e+08
1,1104.9,423.6,0,,2.72202e+08
1,1104.9,423.6,0,,2.72202e+08
1,1101.9,423.8,0,,2.72202e+08
1,1101.9,423.8,0,,2.72202e+08
1,1101.9,423.8,0,,2.72202e+08
1,1101.9,423.8,0,,2.72202e+08
1,1101.9,423.8,0,,2.72202e+08
1,1101.9,423.8,0,,2.72202e+08
1,1101.9,423.8,0,,2.72202e+08
1,1101.9,423.8,0,,2.72202e+08
1,1066.7,388.4,0,,2.72202e+08
1,1066.7,388.4,0,,2.72202e+08
1,1066.7,388.4,0,,2.72202e+08
1,1119.9,340.8,0,,2.72202e+08
1,1119.9,340.8,0,,2.72202e+08
1,1107.9,367.6,0,,2.72202e+08
1,1086,424.1,0,,2.72202e+08
1,1086,424.1,0,,2.72202e+08
1,1086.9,423.6,0,,2.72202e+08
1,1083.1,428.5,0,,2.72202e+08
1,1083.1,428.5,0,,2.72202e+08
1,1087.7,422.6,0,,2.72202e+08
1,1085.8,428.7,0,,2.72202e+08
1,1098.7,422,0,,2.72202e+08
1,1092.2,421.6,0,,2.72202e+08
1,1092.2,421.6,0,,2.72202e+08
1,1054.4,408,0,,2.72202e+08
1,1056.6,409.5,0,,2.72202e+08
1,1056.6,409.5,0,,2.72202e+08
1,1056.6,409.5,0,,2.72202e+08
1,1036.9,406,0,,2.72202e+08
1,1017.7,395.7,0,,2.72202e+08
1,1018.8,403.7,0,,2.72202e+08
1,1018.8,403.7,0,,2.72202e+08
1,1006.4,419,0,,2.72202e+08
1,974.5,460.3,0,,2.72202e+08
1,974.5,460.3,0,,2.72202e+08
1,965.9,468.1,0,,2.72202e+08
1,965.9,468.1,0,,2.72202e+08
1,913,524.1,0,,2.72202e+08
1,918,524.1,0,,2.72202e+08
1,918,524.1,0,,2.72202e+08
1,915.9,515.6,0,,2.72202e+08
1,918.8,509,0,,2.72202e+08
1,918.8,509,0,,2.72202e+08
1,914.3,509.9,0,,2.72202e+08
1,883.3,502.6,0,,2.72202e+08
1,883.3,502.6,0,,2.72202e+08
1,806.9,447.9,0,,2.72202e+08
1,780.5,395.6,0,,2.72202e+08
1,764.4,427.9,0,,2.72202e+08
1,766,447.6,0,,2.72202e+08
1,766,447.6,0,,2.72202e+08
1,768.3,473.6,0,,2.72202e+08
1,766.2,483.9,0,,2.72202e+08
1,766.2,483.9,0,,2.72202e+08
1,766.2,483.9,0,,2.72202e+08
1,761.4,501.6,0,,2.72203e+08
1,762.1,502.6,0,,2.72203e+08
1,766.4,512.1,0,,2.72203e+08
1,766.4,512.1,0,,2.72203e+08
1,760,512.1,0,,2.72203e+08
1,741.3,493.2,0,,2.72203e+08
1,741.3,493.2,0,,2.72203e+08
1,731.4,488.4,0,,2.72203e+08
1,731.4,488.4,0,,2.72203e+08
1,703.9,468.9,0,,2.72203e+08
1,710.7,480.3,0,,2.72203e+08
1,710.7,480.3,0,,2.72203e+08
1,710,483.9,0,,2.72203e+08
1,708.9,495.3,0,,2.72203e+08
1,708.9,495.3,0,,2.72203e+08
1,715.2,503.6,0,,2.72203e+08
1,717.1,503,0,,2.72203e+08
1,717.1,503,0,,2.72203e+08
1,713.6,496.7,0,,2.72203e+08
1,712.5,496.6,0,,2.72203e+08
1,664.3,473.7,0,,2.72203e+08
1,658.2,469.4,0,,2.72203e+08
1,658.2,469.4,0,,2.72203e+08
1,628.3,480.3,0,,2.72203e+08
1,642,479.2,0,,2.72203e+08
1,642,479.2,0,,2.72203e+08
1,642,479.2,0,,2.72203e+08
1,618.9,485.6,0,,2.72203e+08
1,609.5,475.7,0,,2.72203e+08
1,604.2,472.2,0,,2.72203e+08
1,604.2,472.2,0,,2.72203e+08
1,480,491.5,0,,2.72203e+08
1,470,489.5,0,,2.72203e+08
1,470,489.5,0,,2.72203e+08
1,464.8,489.6,0,,2.72203e+08
1,464.8,489.6,0,,2.72203e+08
1,445.5,480.2,0,,2.72203e+08
1,445.6,487.5,0,,2.72203e+08
1,445.6,487.5,0,,2.72203e+08
1,446.1,483.5,0,,2.72203e+08
1,447.1,475.7,0,,2.72203e+08
1,447.1,475.7,0,,2.72203e+08
1,447.3,474.2,0,,2.72203e+08
1,447.6,488.7,0,,2.72203e+08
1,446.5,498,0,,2.72203e+08
1,444.7,497.1,0,,2.72203e+08
1,444.7,497.1,0,,2.72203e+08
1,553.7,481.4,0,,2.72203e+08
1,582.6,480.5,0,,2.72203e+08
1,582.6,480.5,0,,2.72203e+08
1,598.2,489.7,0,,2.72203e+08
1,598.2,489.7,0,,2.72203e+08
1,598.2,489.7,0,,2.72203e+08
1,598.2,489.7,0,,2.72203e+08
1,613,509.9,0,,2.72203e+08
1,605.7,508.9,0,,2.72203e+08
1,601.8,510.5,0,,2.72203e+08
1,601.8,510.5,0,,2.72203e+08
1,599.8,516.1,0,,2.72204e+08
1,599.5,515.3,0,,2.72204e+08
1,600.6,507.1,0,,2.72204e+08
1,600.6,507.1,0,,2.72204e+08
1,600.6,507.1,0,,2.72204e+08
1,584.5,500.4,0,,2.72204e+08
1,581.3,500.5,0,,2.72204e+08
1,581.3,500.5,0,,2.72204e+08
1,507.5,498.3,0,,2.72204e+08
1,465.8,499.3,0,,2.72204e+08
1,465.8,499.3,0,,2.72204e+08
1,438,499.1,0,,2.72204e+08
1,408.8,490.2,0,,2.72204e+08
1,409.5,489,0,,2.72204e+08
1,384.4,482.9,0,,2.72204e+08
1,384.4,482.9,0,,2.72204e+08
1,363.7,516.5,0,,2.72204e+08
1,362.1,516.5,0,,2.72204e+08
1,362.1,516.5,0,,2.72204e+08
1,359.9,512.6,0,,2.72204e+08
1,359.9,512.6,0,,2.72204e+08
1,359.9,512.6,0,,2.72204e+08
1,376.7,521,0,,2.72204e+08
1,376.7,521,0,,2.72204e+08
1,408.5,519.7,0,,2.72204e+08
1,405.2,517.4,0,,2.72204e+08
1,405.2,517.4,0,,2.72204e+08
1,412.7,522.6,0,,2.72204e+08
1,412.7,522.6,0,,2.72204e+08
1,413,524.2,0,,2.72204e+08
1,413,524.2,0,,2.72204e+08
1,413,524.2,0,,2.72204e+08
1,411.2,511.4,0,,2.72204e+08
1,406.6,502,0,,2.72204e+08
1,406.6,502,0,,2.72204e+08
1,400.9,497.4,0,,2.72204e+08
1,400.7,502.6,0,,2.72204e+08
1,408.1,502.3,0,,2.72204e+08
1,545.2,467.4,0,,2.72204e+08
1,545.2,467.4,0,,2.72204e+08
1,892.4,478.4,0,,2.72204e+08
1,1015.7,488.3,0,,2.72204e+08
1,1015.7,488.3,0,,2.72204e+08
1,1144.9,500.7,0,,2.72204e+08
1,1171.1,508.1,0,,2.72204e+08
1,1171.1,508.1,0,,2.72204e+08
1,1188.9,486.1,0,,2.72204e+08
1,1189.8,481.9,0,,2.72204e+08
1,1189.8,481.9,0,,2.72204e+08
1,1189.8,481.9,0,,2.72204e+08
1,1180.3,506.9,0,,2.72204e+08
1,1182.2,505.4,0,,2.72204e+08
1,1212.1,484.9,0,,2.72204e+08
1,1212.1,484.9,0,,2.72204e+08
1,1291.7,510.9,0,,2.72204e+08
1,1295.2,502.6,0,,2.72204e+08
1,1295.2,502.6,0,,2.72204e+08
1,1307.5,509.3,0,,2.72204e+08
1,1307.5,509.3,0,,2.72204e+08
1,1348.6,496.4,0,,2.72205e+08
1,1339.5,505.1,0,,2.72205e+08
1,1339.5,505.1,0,,2.72205e+08
1,1345.7,494.6,0,,2.72205e+08
1,1340.7,503.2,0,,2.72205e+08
1,1340.7,503.2,0,,2.72205e+08
1,1345.3,540.1,0,,2.72205e+08
1,1345.4,535.6,0,,2.72205e+08
1,1345.8,539.9,0,,2.72205e+08
1,1344.4,529.5,0,,2.72205e+08
1,1344.4,529.5,0,,2.72205e+08
1,1342,512.9,0,,2.72205e+08
1,1341.8,520.1,0,,2.72205e+08
1,1341.8,520.1,0,,2.72205e+08
1,1323.7,535.3,0,,2.72205e+08
1,1323.7,535.3,0,,2.72205e+08
1,1323.7,535.3,0,,2.72205e+08
1,1323.7,535.3,0,,2.72205e+08
1,1319.5,536.3,0,,2.72205e+08
1,1306.9,541.8,0,,2.72205e+08
1,1268.2,561.3,0,,2.72205e+08
1,1268.2,561.3,0,,2.72205e+08
1,871.6,621.2,0,,2.72205e+08
1,820.4,623.3,0,,2.72205e+08
1,820.4,623.3,0,,2.72205e+08
1,795.9,625.2,0,,2.72205e+08
1,795.9,625.2,0,,2.72205e+08
1,760.6,614.3,0,,2.72205e+08
1,761.4,614.2,0,,2.72205e+08
1,761.4,614.2,0,,2.72205e+08
1,759.6,612.5,0,,2.72205e+08
1,760.1,616.1,0,,2.72205e+08
1,760.1,616.1,0,,2.72205e+08
1,761.1,593.3,0,,2.72205e+08
1,761.1,593.3,0,,2.72205e+08
1,785.4,614.4,0,,2.72205e+08
1,785.4,614.4,0,,2.72205e+08
1,788,618.2,0,,2.72205e+08
1,800.7,624,0,,2.72205e+08
1,820.8,609.7,0,,2.72205e+08
1,820.8,609.7,0,,2.72205e+08
1,840.5,594.3,0,,2.72205e+08
1,840.7,579,0,,2.72205e+08
1,840.7,579,0,,2.72205e+08
1,840.7,579,0,,2.72205e+08
1,840.4,584.3,0,,2.72205e+08
1,841.7,577.4,0,,2.72205e+08
1,841.9,574.9,0,,2.72205e+08
1,841.9,574.9,0,,2.72205e+08
1,843.6,600.9,0,,2.72205e+08
1,843.6,600.9,0,,2.72205e+08
1,844.6,594.5,0,,2.72205e+08
1,844.6,594.5,0,,2.72205e+08
1,844.6,594.5,0,,2.72205e+08
1,890.6,569.9,0,,2.72205e+08
1,893.1,568.6,0,,2.72205e+08
1,893.1,568.6,0,,2.72205e+08
1,905.2,565.6,0,,2.72205e+08
1,917.1,565.2,0,,2.72205e+08
1,921.2,556.5,0,,2.72205e+08
1,921.1,552.6,0,,2.72206e+08
1,921.1,552.6,0,,2.72206e+08
1,918.1,555.7,0,,2.72206e+08
1,912.6,565.8,0,,2.72206e+08
1,912.6,565.8,0,,2.72206e+08
1,913.4,561.3,0,,2.72206e+08
1,913.4,561.2,0,,2.72206e+08
1,908.7,566.4,0,,2.72206e+08
1,904,564.4,0,,2.72206e+08
1,904,564.4,0,,2.72206e+08
1,904,564.4,0,,2.72206e+08
1,877.5,565.9,0,,2.72206e+08
1,877.5,565.9,0,,2.72206e+08
1,857.3,564.3,0,,2.72206e+08
1,848.5,566.8,0,,2.72206e+08
1,848.5,566.8,0,,2.72206e+08
1,858.4,574.5,0,,2.72206e+08
1,858.4,574.5,0,,2.72206e+08
1,858.4,574.5,0,,2.72206e+08
1,858.4,574.5,0,,2.72206e+08
1,858.4,574.5,0,,2.72206e+08
1,858.4,574.5,0,,2.72206e+08
1,858.4,574.5,0,,2.72206e+08
1,858.4,574.5,0,,2.72206e+08
1,858.4,574.5,0,,2.72206e+08
1,1022.6,691.8,0,,2.72206e+08
1,1022.6,691.8,0,,2.72206e+08
1,978.2,600.8,0,,2.72206e+08
1,978.1,588.7,0,,2.72206e+08
1,978.6,579.2,0,,2.72206e+08
1,977.9,576.4,0,,2.72206e+08
1,977.9,576.4,0,,2.72206e+08
1,977.5,572.7,0,,2.72206e+08
1,980.4,572.8,0,,2.72206e+08
1,980.4,572.8,0,,2.72206e+08
1,979.9,571.6,0,,2.72206e+08
1,977.8,570.6,0,,2.72206e+08
1,977.8,570.6,0,,2.72206e+08
1,981.1,569.9,0,,2.72206e+08
1,981.1,569.9,0,,2.72206e+08
1,977.4,584.7,0,,2.72206e+08
1,978.5,582.9,0,,2.72206e+08
1,978.5,582.9,0,,2.72206e+08
1,1036.8,568.2,0,,2.72206e+08
1,1047.3,567.7,0,,2.72206e+08
1,1047.3,567.7,0,,2.72206e+08
1,1051.9,568.8,0,,2.72206e+08
1,1051.9,568.8,0,,2.72206e+08
1,1119.4,577.5,0,,2.72206e+08
1,1119.9,575.3,0,,2.72206e+08
1,1119.9,575.3,0,,2.72206e+08
1,1113.1,579.4,0,,2.72206e+08
1,1113.1,579.4,0,,2.72206e+08
1,1115.7,573.4,0,,2.72206e+08
1,1114.3,566.5,0,,2.72206e+08
1,1114.3,566.5,0,,2.72206e+08
1,1108.3,566.2,0,,2.72206e+08
1,1053.1,569.9,0,,2.72206e+08
1,1053.1,569.9,0,,2.72206e+08
1,1033.2,578.9,0,,2.72206e+08
1,1023.6,584.7,0,,2.72207e+08
1,1023.6,584.7,0,,2.72207e+08
1,1021.4,577.6,0,,2.72207e+08
1,1021.1,578.4,0,,2.72207e+08
1,1021.1,578.4,0,,2.72207e+08
1,1008.7,579.5,0,,2.72207e+08
1,1008.7,579.5,0,,2.72207e+08
1,986.9,585.8,0,,2.72207e+08
1,981.7,591.2,0,,2.72207e+08
1,981.7,591.2,0,,2.72207e+08
1,978.9,592.3,0,,2.72207e+08
1,980.4,586.8,0,,2.72207e+08
1,980.4,586.8,0,,2.72207e+08
1,981.2,587,0,,2.72207e+08
1,981.2,587,0,,2.72207e+08
1,987.8,588.2,0,,2.72207e+08
1,1014.8,604.5,0,,2.72207e+08
1,1014.8,604.5,0,,2.72207e+08
1,1090.8,597.8,0,,2.72207e+08
1,1155.5,587.6,0,,2.72207e+08
1,1155.5,587.6,0,,2.72207e+08
1,1144.4,598.8,0,,2.72207e+08
1,1150.2,592.7,0,,2.72207e+08
1,1148.7,594.6,0,,2.72207e+08
1,1148.2,596,0,,2.72207e+08
1,1148.2,596,0,,2.72207e+08
1,1149.9,595.4,0,,2.72207e+08
1,1150.6,591.1,0,,2.72207e+08
1,1150.6,591.1,0,,2.72207e+08
1,1150.9,589.1,0,,2.72207e+08
1,1153,581.4,0,,2.72207e+08
1,1153,581.4,0,,2.72207e+08
1,1190.2,561,0,,2.72207e+08
1,1190.2,561,0,,2.72207e+08
1,1208.4,563.8,0,,2.72207e+08
1,1283.1,566.1,0,,2.72207e+08
1,1283.1,566.1,0,,2.72207e+08
1,1304.3,574.7,0,,2.72207e+08
1,1303.9,589.2,0,,2.72207e+08
1,1303.9,589.2,0,,2.72207e+08
1,1301,586.6,0,,2.72207e+08
1,1301,586.6,0,,2.72207e+08
1,1285.6,596.8,0,,2.72207e+08
1,1285.6,596.8,0,,2.72207e+08
1,1209.8,589.4,0,,2.72207e+08
1,1209.8,589.4,0,,2.72207e+08
1,1116.4,606,0,,2.72207e+08
1,1116,604.7,0,,2.72207e+08
1,1120.5,588.9,0,,2.72207e+08
1,1120.5,588.9,0,,2.72207e+08
1,1117.6,598.8,0,,2.72207e+08
1,1119.8,594.3,0,,2.72207e+08
1,1119.8,594.3,0,,2.72207e+08
1,1162.3,622.3,0,,2.72207e+08
1,1162.3,622.3,0,,2.72207e+08
1,1221.4,618.8,0,,2.72207e+08
1,1277.2,639.8,0,,2.72207e+08
1,1277.2,639.8,0,,2.72207e+08
1,1277.2,639.8,0,,2.72207e+08
1,1312.2,616.4,0,,2.72207e+08
1,1312.2,616.4,0,,2.72207e+08
1,1312.4,616.4,0,,2.72208e+08
1,1311.1,622.3,0,,2.72208e+08
1,1311.1,622.3,0,,2.72208e+08
1,1296.5,646.6,0,,2.72208e+08
1,1292.8,655.9,0,,2.72208e+08
1,1292.8,655.9,0,,2.72208e+08
1,1294.4,643.4,0,,2.72208e+08
1,1294.4,643.4,0,,2.72208e+08
1,1293.1,648.5,0,,2.72208e+08
1,1295.7,637.5,0,,2.72208e+08
1,1295.7,637.5,0,,2.72208e+08
1,1311.8,623.9,0,,2.72208e+08
1,1308.2,625.6,0,,2.72208e+08
1,1305.9,625,0,,2.72208e+08
1,1305.9,625,0,,2.72208e+08
1,1296.9,629.7,0,,2.72208e+08
1,1287.1,636.2,0,,2.72208e+08
1,1226.6,696.3,0,,2.72208e+08
1,1226.6,696.3,0,,2.72208e+08
1,1199.9,716.3,0,,2.72208e+08
1,1198.9,717.2,0,,2.72208e+08
1,1085.9,796.3,0,,2.72208e+08
1,1091.4,794,0,,2.72208e+08
1,1091.4,794,0,,2.72208e+08
1,1091.4,794,0,,2.72208e+08
1,1099.8,782.1,0,,2.72208e+08
1,1099.8,782.1,0,,2.72208e+08
1,1099.3,780.8,0,,2.72208e+08
1,1096.7,779.1,0,,2.72208e+08
1,1096.7,779.1,0,,2.72208e+08
1,1088.5,777.8,0,,2.72208e+08
1,1089.6,782,0,,2.72208e+08
1,1081.2,781.7,0,,2.72208e+08
1,1081.2,781.7,0,,2.72208e+08
1,1081.2,781.7,0,,2.72208e+08
1,1066.2,801.7,0,,2.72208e+08
1,1048.8,810.2,0,,2.72208e+08
1,1048.8,810.2,0,,2.72208e+08
1,1017.9,831.3,0,,2.72208e+08
1,1010,835.6,0,,2.72208e+08
1,1010,835.6,0,,2.72208e+08
1,1009.4,832.2,0,,2.72208e+08
1,1008,826.8,0,,2.72208e+08
1,1011.5,821.8,0,,2.72208e+08
1,1012.5,820.6,0,,2.72208e+08
1,1012.5,820.6,0,,2.72208e+08
1,1009.7,821.9,0,,2.72208e+08
1,1005.7,826.4,0,,2.72208e+08
1,1005.7,826.4,0,,2.72208e+08
1,1002.5,837.6,0,,2.72208e+08
1,1002.5,837.6,0,,2.72208e+08
1,1002.5,837.6,0,,2.72208e+08
1,1007.9,817.9,0,,2.72208e+08
1,1007.9,817.9,0,,2.72208e+08
1,1002.8,803.7,0,,2.72208e+08
1,1001.9,769.9,0,,2.72208e+08
1,1001.9,769.9,0,,2.72208e+08
1,1003.2,759.5,0,,2.72208e+08
1,1011.2,746.1,0,,2.72208e+08
1,1015.1,737.7,0,,2.72209e+08
1,1015.1,737.7,0,,2.72209e+08
1,1015.1,737.7,0,,2.72209e+08
1,1004.7,738.3,0,,2.72209e+08
1,1001.6,735.5,0,,2.72209e+08
1,1001.6,735.5,0,,2.72209e+08
1,941.1,732.9,0,,2.72209e+08
1,929.7,733.7,0,,2.72209e+08
1,913.6,736.1,0,,2.72209e+08
1,896.3,738.3,0,,2.72209e+08
1,896.3,738.3,0,,2.72209e+08
1,890.6,740.4,0,,2.72209e+08
1,892.6,740,0,,2.72209e+08
1,892.6,740,0,,2.72209e+08
1,892.1,759,0,,2.72209e+08
1,889.8,762.9,0,,2.72209e+08
1,889.5,763,0,,2.72209e+08
1,890.7,757.2,0,,2.72209e+08
1,890.7,757.2,0,,2.72209e+08
1,890.7,757.2,0,,2.72209e+08
1,882.5,743.4,0,,2.72209e+08
1,882.5,743.4,0,,2.72209e+08
1,879.3,737.5,0,,2.72209e+08
1,867.5,730,0,,2.72209e+08
1,866.1,729,0,,2.72209e+08
1,867.3,725.9,0,,2.72209e+08
1,867.3,725.9,0,,2.72209e+08
1,873.1,736.2,0,,2.72209e+08
1,873.1,736.2,0,,2.72209e+08
1,873.1,736.2,0,,2.72209e+08
1,880.5,738.7,0,,2.72209e+08
1,881.5,736.2,0,,2.72209e+08
1,881.5,736.2,0,,2.72209e+08
1,886.6,743.6,0,,2.72209e+08
1,899.8,760,0,,2.72209e+08
1,934.2,757.1,0,,2.72209e+08
1,953,755.8,0,,2.72209e+08
1,953,755.8,0,,2.72209e+08
1,1012.9,741.6,0,,2.72209e+08
1,1012.3,739.6,0,,2.72209e+08
1,1012.3,739.6,0,,2.72209e+08
1,1011.3,745.5,0,,2.72209e+08
1,1011,745.4,0,,2.72209e+08
1,1011,745.4,0,,2.72209e+08
1,1011,745.4,0,,2.72209e+08
1,1011,745.4,0,,2.72209e+08
1,1011,745.4,0,,2.72209e+08
1,1011,745.4,0,,2.72209e+08
1,1011,745.4,0,,2.72209e+08
1,1011,745.4,0,,2.72209e+08
1,1011,745.4,0,,2.72209e+08
1,1079.6,786.1,0,,2.72209e+08
1,1079.6,786.1,0,,2.72209e+08
1,1079.6,786.1,0,,2.72209e+08
1,1079.6,786.1,0,,2.72209e+08
1,1079.6,786.1,0,,2.72209e+08
1,1079.6,786.1,0,,2.72209e+08
1,1079.6,786.1,0,,2.72209e+08
1,1079.6,786.1,0,,2.72209e+08
1,1079.6,786.1,0,,2.72209e+08
1,1079.6,786.1,0,,2.72209e+08
1,1079.6,786.1,0,,2.72209e+08
1,1079.6,786.1,0,,2.72209e+08
1,1079.6,786.1,0,,2.72209e+08
1,1079.6,786.1,0,,2.72209e+08
1,1079.6,786.1,0,,2.72209e+08
1,1079.6,786.1,0,,2.72209e+08
1,1079.6,786.1,0,,2.72209e+08
1,1079.6,786.1,0,,2.72209e+08
1,1079.6,786.1,0,,2.72209e+08
1,1079.6,786.1,0,,2.72209e+08
1,1079.6,786.1,0,,2.72209e+08
1,1079.6,786.1,0,,2.72209e+08
1,1079.6,786.1,0,,2.72209e+08
1,1079.6,786.1,0,,2.72209e+08
1,1079.6,786.1,0,,2.72209e+08
1,1079.6,786.1,0,,2.72209e+08
1,1079.6,786.1,0,,2.72209e+08
1,1079.6,786.1,0,,2.72209e+08
1,1079.6,786.1,0,,2.72209e+08
1,1079.6,786.1,0,,2.72209e+08
1,1079.6,786.1,0,,2.72209e+08
1,1079.6,786.1,0,,2.72209e+08
1,1079.6,786.1,0,,2.72209e+08
1,1079.6,786.1,0,,2.72209e+08
1,1079.6,786.1,0,,2.72209e+08
1,1079.6,786.1,0,,2.72209e+08
1,1079.6,786.1,0,,2.72209e+08
1,1079.6,786.1,0,,2.72209e+08
1,1079.6,786.1,0,,2.72209e+08
1,1079.6,786.1,0,,2.72209e+08
1,1079.6,786.1,0,,2.72209e+08
1,1079.6,786.1,0,,2.72209e+08
1,1079.6,786.1,0,,2.72209e+08
1,1079.6,786.1,0,,2.72209e+08
1,1079.6,786.1,0,,2.72209e+08
1,1079.6,786.1,0,,2.72209e+08
1,1079.6,786.1,0,,2.72209e+08
1,1079.6,786.1,0,,2.72209e+08
1,1079.6,786.1,0,,2.72209e+08
1,1079.6,786.1,0,,2.72209e+08
1,1079.6,786.1,0,,2.72209e+08
1,1079.6,786.1,0,,2.72209e+08
1,1079.6,786.1,0,,2.72209e+08
1,1050.3,725.4,0,,2.7221e+08
1,1022.8,746.2,0,,2.7221e+08
1,1022.8,746.2,0,,2.7221e+08
1,974.5,746.4,0,,2.7221e+08
1,945.9,748,0,,2.7221e+08
1,945.9,748,0,,2.7221e+08
1,966.1,748.1,0,,2.7221e+08
1,966.1,748.1,0,,2.7221e+08
1,902,699.8,0,,2.7221e+08
1,902,699.8,0,,2.7221e+08
1,855.5,700,0,,2.7221e+08
1,864.9,693.2,0,,2.7221e+08
1,699.7,676.1,0,,2.7221e+08
1,568.7,684.8,0,,2.7221e+08
1,568.7,684.8,0,,2.7221e+08
1,527.5,683.7,0,,2.7221e+08
1,363.7,711.9,0,,2.72211e+08
1,363.7,711.9,0,,2.72211e+08
1,346.5,731.7,0,,2.72211e+08
1,348.7,740.5,0,,2.72211e+08
1,348.7,740.5,0,,2.72211e+08
1,361.8,759.1,0,,2.72211e+08
1,361.8,759.1,0,,2.72211e+08
1,361.8,759.1,0,,2.72211e+08
1,367.1,771.4,0,,2.72211e+08
1,367.1,771.4,0,,2.72211e+08
1,359.3,759.5,0,,2.72211e+08
1,360.5,752.1,0,,2.72211e+08
1,360.5,752.1,0,,2.72211e+08
1,402,721.7,0,,2.72211e+08
1,396.2,720.3,0,,2.72211e+08
1,406,718.2,0,,2.72211e+08
1,406,718.2,0,,2.72211e+08
1,406,718.2,0,,2.72211e+08
1,440.9,717.2,0,,2.72211e+08
1,444.1,716.2,0,,2.72211e+08
1,444.1,716.2,0,,2.72211e+08
1,461.4,715.9,0,,2.72211e+08
1,515.6,711.8,0,,2.72211e+08
1,767.9,736,0,,2.72211e+08
1,787.2,736.8,0,,2.72211e+08
1,787.2,736.8,0,,2.72211e+08
1,846.8,739.8,0,,2.72211e+08
1,845.5,743.2,0,,2.72211e+08
1,845.5,743.2,0,,2.72211e+08
1,842.8,744,0,,2.72211e+08
1,837.6,755.8,0,,2.72211e+08
1,837.6,755.8,0,,2.72211e+08
1,847.8,749.8,0,,2.72211e+08
1,847.8,749.8,0,,2.72211e+08
1,847.8,749.8,0,,2.72211e+08
1,849.1,745.6,0,,2.72211e+08
1,849.1,745.6,0,,2.72211e+08
1,848.9,745.4,0,,2.72211e+08
1,847,750.3,0,,2.72211e+08
1,847,750.3,0,,2.72211e+08
1,837.2,750.9,0,,2.72211e+08
1,837.2,750.9,0,,2.72211e+08
1,791.9,744,0,,2.72211e+08
1,791.9,744,0,,2.72211e+08
1,791.9,744,0,,2.72211e+08
1,755.8,743.1,0,,2.72211e+08
1,656.7,744.2,0,,2.72211e+08
1,656.7,744.2,0,,2.72211e+08
1,537.3,711.9,0,,2.72211e+08
1,526.8,706.5,0,,2.72211e+08
1,511.7,715.5,0,,2.72211e+08
1,511.7,715.5,0,,2.72211e+08
1,511,718.5,0,,2.72211e+08
1,508.8,716.3,0,,2.72211e+08
1,499.6,712.5,0,,2.72211e+08
1,499.6,712.5,0,,2.72211e+08
1,482.6,710.2,0,,2.72211e+08
1,482.6,710.2,0,,2.72211e+08
1,482.4,710.2,0,,2.72211e+08
1,483.7,711.4,0,,2.72211e+08
1,483.7,711.4,0,,2.72211e+08
1,483.7,711.4,0,,2.72211e+08
1,499.8,702.3,0,,2.72212e+08
1,499.8,702.3,0,,2.72212e+08
1,849.4,723.6,0,,2.72212e+08
1,849.4,723.6,0,,2.72212e+08
1,941.9,726.5,0,,2.72212e+08
1,945.7,710.6,0,,2.72212e+08
1,945.7,710.6,0,,2.72212e+08
1,943.3,717.9,0,,2.72212e+08
1,943.3,717.9,0,,2.72212e+08
1,943.3,717.9,0,,2.72212e+08
1,933.6,736.5,0,,2.72212e+08
1,932.2,732.2,0,,2.72212e+08
1,932.2,732.2,0,,2.72212e+08
1,892.5,732.7,0,,2.72212e+08
1,892.5,732.7,0,,2.72212e+08
1,891.3,730.9,0,,2.72212e+08
1,891.3,730.9,0,,2.72212e+08
1,888.3,729.6,0,,2.72212e+08
1,876.2,732.8,0,,2.72212e+08
1,875.1,736.3,0,,2.72212e+08
1,874.2,734,0,,2.72212e+08
1,874.2,734,0,,2.72212e+08
1,873.9,734.4,0,,2.72212e+08
1,875,734.4,0,,2.72212e+08
1,874.9,729.8,0,,2.72212e+08
1,874.9,729.8,0,,2.72212e+08
1,874.9,729.8,0,,2.72212e+08
1,862.2,749,0,,2.72212e+08
1,862.2,749,0,,2.72212e+08
1,851.5,747.6,0,,2.72212e+08
1,843.5,744.4,0,,2.72212e+08
1,841.7,739.1,0,,2.72212e+08
1,843.4,735,0,,2.72212e+08
1,843.4,735,0,,2.72212e+08
1,842,727.6,0,,2.72212e+08
1,842,727.6,0,,2.72212e+08
1,842,727.6,0,,2.72212e+08
1,843.7,734.9,0,,2.72212e+08
1,845.6,741.2,0,,2.72212e+08
1,845.6,741.2,0,,2.72212e+08
1,841.2,743.2,0,,2.72212e+08
1,838.7,742.3,0,,2.72212e+08
1,838.7,742.3,0,,2.72212e+08
1,838.7,742.3,0,,2.72212e+08
1,838.7,742.3,0,,2.72212e+08
1,838.7,742.3,0,,2.72212e+08
1,838.7,742.3,0,,2.72212e+08
1,838.7,742.3,0,,2.72212e+08
1,838.7,742.3,0,,2.72212e+08
1,807.1,1034.9,0,,2.72212e+08
1,795.4,781.6,0,,2.72212e+08
1,795.9,771,0,,2.72212e+08
1,795.9,771,0,,2.72212e+08
1,795.9,771,0,,2.72212e+08
1,793.1,759.8,0,,2.72212e+08
1,793.1,759.8,0,,2.72212e+08
1,770,770.1,0,,2.72212e+08
1,762.3,769.5,0,,2.72212e+08
1,591,729.1,0,,2.72213e+08
1,570.2,758.1,0,,2.72213e+08
1,570.2,758.1,0,,2.72213e+08
1,564.8,757.1,0,,2.72213e+08
1,564.8,757.1,0,,2.72213e+08
1,564.8,757.1,0,,2.72213e+08
1,565.5,757.3,0,,2.72213e+08
1,572.9,760.8,0,,2.72213e+08
1,569.6,768.1,0,,2.72213e+08
1,573,771.8,0,,2.72213e+08
1,573,771.8,0,,2.72213e+08
1,579,774.3,0,,2.72213e+08
1,599.9,760.5,0,,2.72213e+08
1,599.9,760.5,0,,2.72213e+08
1,621.4,753.8,0,,2.72213e+08
1,642.3,866,0,,2.72213e+08
1,642.3,866,0,,2.72213e+08
1,630.6,852,0,,2.72213e+08
1,620.1,839.9,0,,2.72213e+08
1,593.1,787.8,0,,2.72213e+08
1,587.5,757.1,0,,2.72213e+08
1,587.5,757.1,0,,2.72213e+08
1,587.5,757.1,0,,2.72213e+08
1,588.4,766.7,0,,2.72213e+08
1,587.4,792.7,0,,2.72213e+08
1,590.6,799.4,0,,2.72213e+08
1,590.6,799.4,0,,2.72213e+08
1,588.9,798.7,0,,2.72213e+08
1,581.7,790,0,,2.72213e+08
1,581.7,790,0,,2.72213e+08
1,556.1,764.3,0,,2.72213e+08
1,556.1,764.3,0,,2.72213e+08
1,556.1,764.3,0,,2.72213e+08
1,539.7,756.2,0,,2.72213e+08
1,539.7,756.2,0,,2.72213e+08
1,505.8,781.3,0,,2.72213e+08
1,500,769.4,0,,2.72213e+08
1,500,769.4,0,,2.72213e+08
1,544.9,745.3,0,,2.72213e+08
1,552.4,744.4,0,,2.72213e+08
1,552.4,744.4,0,,2.72213e+08
1,869.7,768.2,0,,2.72213e+08
1,928.7,768.5,0,,2.72213e+08
1,928.7,768.5,0,,2.72213e+08
1,983.5,777.4,0,,2.72213e+08
1,1035.4,783.3,0,,2.72213e+08
1,1035.4,783.3,0,,2.72213e+08
1,1277.7,803.6,0,,2.72213e+08
1,1258.1,825.5,0,,2.72213e+08
1,1258.1,825.5,0,,2.72213e+08
1,1264.3,807.7,0,,2.72213e+08
1,1264.3,807.7,0,,2.72213e+08
1,1274.4,818.2,0,,2.72213e+08
1,1282.7,817.6,0,,2.72213e+08
1,1305,823.4,0,,2.72213e+08
1,1307.6,825.5,0,,2.72213e+08
1,1307.6,825.5,0,,2.72213e+08
1,1334.4,820.4,0,,2.72213e+08
1,1334.4,820.4,0,,2.72213e+08
1,1334.4,820.4,0,,2.72213e+08
1,1335.4,817.2,0,,2.72214e+08
1,1339.4,817.3,0,,2.72214e+08
1,1339.4,817.3,0,,2.72214e+08
1,1334.8,828.1,0,,2.72214e+08
1,1334.8,828.1,0,,2.72214e+08
1,1332.6,829.9,0,,2.72214e+08
1,1334.7,829.5,0,,2.72214e+08
1,1334.7,829.5,0,,2.72214e+08
1,1334.7,829.5,0,,2.72214e+08
1,1333,831.4,0,,2.72214e+08
1,1333,831.4,0,,2.72214e+08
1,1336.4,814.9,0,,2.72214e+08
1,1331.7,790,0,,2.72214e+08
1,1331.7,790,0,,2.72214e+08
1,1301.2,837.2,0,,2.72214e+08
1,1301.2,837.2,0,,2.72214e+08
1,1301.2,837.2,0,,2.72214e+08
1,1289.7,840.4,0,,2.72214e+08
1,1289.7,840.4,0,,2.72214e+08
1,1293.3,823.5,0,,2.72214e+08
1,1290.2,809.1,0,,2.72214e+08
1,1281.3,813.2,0,,2.72214e+08
1,1279.9,816.3,0,,2.72214e+08
1,1279.9,816.3,0,,2.72214e+08
1,1292.4,821.3,0,,2.72214e+08
1,1292.4,821.3,0,,2.72214e+08
1,1292.4,821.3,0,,2.72214e+08
1,1298.2,825.4,0,,2.72214e+08
1,1305.1,821,0,,2.72214e+08
1,1305.1,821,0,,2.72214e+08
1,1310,796.9,0,,2.72214e+08
1,1310,796.9,0,,2.72214e+08
1,1290.3,814.4,0,,2.72214e+08
1,1291.5,812.6,0,,2.72214e+08
1,1291.5,812.6,0,,2.72214e+08
1,1297.5,810.7,0,,2.72214e+08
1,1295.6,813.6,0,,2.72214e+08
1,1295.6,813.6,0,,2.72214e+08
1,1281.7,821.5,0,,2.72214e+08
1,1274.4,825.8,0,,2.72214e+08
1,1279.5,827.3,0,,2.72214e+08
1,1302.6,824.2,0,,2.72214e+08
1,1302.6,824.2,0,,2.72214e+08
1,1302.6,824.2,0,,2.72214e+08
1,1336.3,816.3,0,,2.72214e+08
1,1336.3,816.3,0,,2.72214e+08
1,1354.9,804.4,0,,2.72214e+08
1,1352.4,806.3,0,,2.72214e+08
1,1345.6,809.4,0,,2.72214e+08
1,1333.6,822.9,0,,2.72214e+08
1,1333.6,822.9,0,,2.72214e+08
1,1334.3,829.5,0,,2.72214e+08
1,1334.3,829.5,0,,2.72214e+08
1,1341.6,839.7,0,,2.72214e+08
1,1344.9,821.3,0,,2.72214e+08
1,1344.9,821.3,0,,2.72214e+08
1,1376.1,829.5,0,,2.72214e+08
1,1418.4,843.6,0,,2.72214e+08
1,1418.4,843.6,0,,2.72214e+08
1,1404.9,836.4,0,,2.72214e+08
1,1404.4,827.9,0,,2.72215e+08
1,1404.4,827.9,0,,2.72215e+08
1,1360.9,801,0,,2.72215e+08
1,1352.8,800,0,,2.72215e+08
1,1352.8,800,0,,2.72215e+08
1,1364.4,791.8,0,,2.72215e+08
1,1369.5,785.2,0,,2.72215e+08
1,1386.8,775.6,0,,2.72215e+08
1,1398.7,771.4,0,,2.72215e+08
1,1398.7,771.4,0,,2.72215e+08
1,1398.7,771.4,0,,2.72215e+08
1,1472.1,796,0,,2.72215e+08
1,1472.1,796,0,,2.72215e+08
1,1394.9,793.6,0,,2.72215e+08
1,1404.7,802.7,0,,2.72215e+08
1,1406.6,791.1,0,,2.72215e+08
1,1426.7,811.3,0,,2.72215e+08
1,1426.7,811.3,0,,2.72215e+08
1,1428.7,801.4,0,,2.72215e+08
1,1428.7,801.4,0,,2.72215e+08
1,1428.7,801.4,0,,2.72215e+08
1,1423.7,787.6,0,,2.72215e+08
1,1428.5,792.8,0,,2.72215e+08
1,1449.9,817.2,0,,2.72215e+08
1,1454.1,838.4,0,,2.72215e+08
1,1454.1,838.4,0,,2.72215e+08
1,1438.3,795.3,0,,2.72215e+08
1,1436.9,790.2,0,,2.72215e+08
1,1436.9,790.2,0,,2.72215e+08
1,1436.9,790.2,0,,2.72215e+08
1,1436.9,790.2,0,,2.72215e+08
1,1436.9,790.2,0,,2.72215e+08
1,1436.9,790.2,0,,2.72215e+08
1,1436.9,790.2,0,,2.72215e+08
1,1436.9,790.2,0,,2.72215e+08
1,1436.9,790.2,0,,2.72215e+08
1,1436.9,790.2,0,,2.72215e+08
1,1436.9,790.2,0,,2.72215e+08
1,1436.9,790.2,0,,2.72215e+08
1,1379.9,856.2,0,,2.72215e+08
1,1346.2,897.9,0,,2.72215e+08
1,1346.2,897.9,0,,2.72215e+08
1,1340.2,900.8,0,,2.72215e+08
1,1332.2,891.4,0,,2.72215e+08
1,1332.2,891.4,0,,2.72215e+08
1,1329.9,892.9,0,,2.72215e+08
1,1329.9,892.9,0,,2.72215e+08
1,1308.8,889.2,0,,2.72215e+08
1,1254.7,883.2,0,,2.72215e+08
1,1254.7,883.2,0,,2.72215e+08
1,1084.3,822,0,,2.72215e+08
1,1000.2,792.4,0,,2.72215e+08
1,1000.2,792.4,0,,2.72215e+08
1,991.3,787.1,0,,2.72215e+08
1,768,713.3,0,,2.72215e+08
1,768,713.3,0,,2.72215e+08
1,768,713.3,0,,2.72215e+08
1,768,713.3,0,,2.72215e+08
1,768,713.3,0,,2.72215e+08
1,768,713.3,0,,2.72215e+08
1,768,713.3,0,,2.72215e+08
1,768,713.3,0,,2.72215e+08
1,768,713.3,0,,2.72215e+08
1,768,713.3,0,,2.72215e+08
1,768,713.3,0,,2.72215e+08
1,768,713.3,0,,2.72215e+08
1,768,713.3,0,,2.72215e+08
1,706.1,588.8,0,,2.72216e+08
1,701.1,632,0,,2.72216e+08
1,693.6,626,0,,2.72216e+08
1,686.6,609.2,0,,2.72216e+08
1,686.6,609.2,0,,2.72216e+08
1,685.9,606.6,0,,2.72216e+08
1,685.9,606.6,0,,2.72216e+08
1,689.3,604.3,0,,2.72216e+08
1,689.3,604.3,0,,2.72216e+08
1,688.9,604.6,0,,2.72216e+08
1,689.7,608.3,0,,2.72216e+08
1,690.4,613.9,0,,2.72216e+08
1,690.4,613.9,0,,2.72216e+08
1,684.4,619.1,0,,2.72216e+08
1,683.5,618.9,0,,2.72216e+08
1,683.5,618.9,0,,2.72216e+08
1,682.1,619.3,0,,2.72216e+08
1,683.7,618.7,0,,2.72216e+08
1,685.7,620.2,0,,2.72216e+08
1,683,634.3,0,,2.72216e+08
1,683,634.3,0,,2.72216e+08
1,691.2,603.2,0,,2.72216e+08
1,718.1,539.6,0,,2.72216e+08
1,718.1,539.6,0,,2.72216e+08
