page,x,y,word,word_index,timestamp
0,1920,0,0,,0
0,837.7,855.2,0,,5.43803e+08
0,837.7,855.2,0,,5.43803e+08
0,825.7,643.9,0,,5.43803e+08
0,804.8,367.1,0,,5.43803e+08
0,805.6,343.1,0,,5.43803e+08
0,809.5,343.9,0,,5.43803e+08
0,813.2,343.2,0,,5.43803e+08
0,814.2,333.9,0,,5.43803e+08
0,814.2,333.9,0,,5.43803e+08
0,814.8,340.4,0,,5.43803e+08
0,814.8,340.4,0,,5.43803e+08
0,820.3,368.1,0,,5.43803e+08
0,813,354.5,0,,5.43803e+08
0,819,364.1,0,,5.43803e+08
0,791.3,268.4,0,,5.43803e+08
0,789.4,263.2,0,,5.43803e+08
0,790.4,261.9,0,,5.43803e+08
0,790.4,261.9,0,,5.43803e+08
0,888.2,308.3,0,,5.43803e+08
0,871.4,310.3,0,,5.43803e+08
0,802.7,332.2,0,,5.43803e+08
0,775.1,343.3,0,,5.43803e+08
0,640.9,403.4,0,,5.43803e+08
0,630.5,407.2,0,,5.43803e+08
0,636.7,403.6,0,,5.43803e+08
0,571.9,404.2,0,,5.43803e+08
0,571.9,404.2,0,,5.43803e+08
0,518.4,394.1,0,,5.43804e+08
0,519.7,387.7,0,,5.43804e+08
0,519.7,387.7,0,,5.43804e+08
0,519.7,387.7,0,,5.43804e+08
0,519.7,387.7,0,,5.43804e+08
0,519.7,387.7,0,,5.43804e+08
0,519.7,387.7,0,,5.43804e+08
0,519.7,387.7,0,,5.43804e+08
0,519.7,387.7,0,,5.43804e+08
0,519.7,387.7,0,,5.43804e+08
0,128.4,-6.1,0,,5.43804e+08
0,134.1,19.1,0,,5.43804e+08
0,112.5,-32.5,0,,5.43804e+08
0,192.7,-17.5,0,,5.43804e+08
0,164.3,-25,0,,5.43804e+08
0,140.3,-38.4,0,,5.43804e+08
0,131.8,-33.6,0,,5.43804e+08
0,131.8,-33.6,0,,5.43804e+08
0,112.9,-37.4,0,,5.43804e+08
0,135,-21.9,0,,5.43804e+08
0,99.9,-23.7,0,,5.43804e+08
0,173.1,18.4,0,,5.43804e+08
0,145.5,24.6,0,,5.43804e+08
0,116.1,12.3,0,,5.43804e+08
0,194.1,52.9,0,,5.43804e+08
0,172.9,75.6,0,,5.43804e+08
0,172.9,75.6,0,,5.43804e+08
0,173,64,0,,5.43804e+08
0,56.9,22.7,0,,5.43804e+08
0,76.8,17.7,0,,5.43804e+08
0,49.1,0.8,0,,5.43804e+08
0,32.4,-2.5,0,,5.43804e+08
0,68.5,-4.8,0,,5.43804e+08
0,51.4,-7.6,0,,5.43804e+08
0,30.6,-6.2,0,,5.43804e+08
0,30.6,-6.2,0,,5.43804e+08
0,9.59998,3.4,0,,5.43804e+08
0,39,8.8,0,,5.43804e+08
0,37.2,12.9,0,,5.43804e+08
0,38.7,-1,0,,5.43804e+08
0,92.9,22.7,0,,5.43804e+08
0,71.6,16.1,0,,5.43804e+08
0,86.6,14.7,0,,5.43804e+08
0,86.6,14.7,0,,5.43804e+08
0,86.6,14.7,0,,5.43804e+08
0,86.6,14.7,0,,5.43804e+08
0,86.6,14.7,0,,5.43804e+08
0,210,67.7,0,,5.43804e+08
0,517.4,148.5,0,,5.43804e+08
0,723.9,226,0,,5.43804e+08
0,729.7,232.3,0,,5.43804e+08
0,687.1,211.3,0,,5.43804e+08
0,692.3,224.4,0,,5.43804e+08
0,692.3,224.4,0,,5.43804e+08
0,703.3,227,0,,5.43804e+08
0,731.7,182.1,0,,5.43804e+08
0,712.1,188.5,0,,5.43804e+08
0,722.9,194.9,0,,5.43804e+08
0,729.7,185.4,0,,5.43804e+08
0,723.6,214.8,0,,5.43805e+08
0,700.6,282.8,0,,5.43805e+08
0,685.1,305.7,0,,5.43805e+08
0,685.1,305.7,0,,5.43805e+08
0,680.6,308.5,0,,5.43805e+08
0,690.2,298.7,0,,5.43805e+08
0,690.9,299.5,0,,5.43805e+08
0,688.3,319,0,,5.43805e+08
0,686.2,329.1,0,,5.43805e+08
0,685.7,330.1,0,,5.43805e+08
0,684,331.2,0,,5.43805e+08
0,686.2,340.3,0,,5.43805e+08
0,686.2,340.3,0,,5.43805e+08
0,695.7,321.2,0,,5.43805e+08
0,710.2,286.9,0,,5.43805e+08
0,716.4,245.9,0,,5.43805e+08
0,716.9,229,0,,5.43805e+08
0,715.6,209,0,,5.43805e+08
0,718.1,207.7,0,,5.43805e+08
0,705.1,190.8,0,,5.43805e+08
0,668.2,158.2,0,,5.43805e+08
0,668.2,158.2,0,,5.43805e+08
0,664.2,141.2,0,,5.43805e+08
0,689.1,145,0,,5.43805e+08
0,649.8,146.7,0,,5.43805e+08
0,659.3,156,0,,5.43805e+08
0,700.9,233.8,0,,5.43805e+08
0,714.4,263.7,0,,5.43805e+08
0,703.9,266.1,0,,5.43805e+08
0,704.8,274.6,0,,5.43805e+08
0,704.8,274.6,0,,5.43805e+08
0,703.9,279.7,0,,5.43805e+08
0,688.4,249.7,0,,5.43805e+08
0,688.7,250.6,0,,5.43805e+08
0,672.7,242.7,0,,5.43805e+08
0,676.8,231.7,0,,5.43805e+08
0,691.2,239.7,0,,5.43805e+08
0,701.5,256.9,0,,5.43805e+08
0,654.4,227.6,0,,5.43805e+08
0,654.4,227.6,0,,5.43805e+08
0,698.7,243.4,0,,5.43805e+08
0,699.7,240.6,0,,5.43805e+08
0,708.9,248.3,0,,5.43805e+08
0,735.2,264.5,0,,5.43805e+08
0,632,176.8,0,,5.43805e+08
0,649.7,188.6,0,,5.43805e+08
0,662.6,204.7,0,,5.43805e+08
0,617.9,205.8,0,,5.43805e+08
0,654.4,193.3,0,,5.43805e+08
0,679.4,190.2,0,,5.43805e+08
0,694.8,186,0,,5.43805e+08
0,693.5,198.1,0,,5.43805e+08
0,690.2,181.7,0,,5.43805e+08
0,687.8,181.7,0,,5.43805e+08
0,689.6,182.7,0,,5.43805e+08
0,682.9,173.3,0,,5.43805e+08
0,673.3,171.8,0,,5.43805e+08
0,673.3,171.8,0,,5.43805e+08
0,596,111,0,,5.43805e+08
0,647.7,157.6,0,,5.43806e+08
0,653.6,172.6,0,,5.43806e+08
0,655.7,183.9,0,,5.43806e+08
0,683.4,214.4,0,,5.43806e+08
0,683.9,219.6,0,,5.43806e+08
0,663.1,197.6,0,,5.43806e+08
0,682.7,204.1,0,,5.43806e+08
0,682.7,204.1,0,,5.43806e+08
0,720.6,218.1,0,,5.43806e+08
0,686.4,206.5,0,,5.43806e+08
0,695.8,212.9,0,,5.43806e+08
0,640.9,219.1,0,,5.43806e+08
0,640.9,219.1,0,,5.43806e+08
0,633.4,218,0,,5.43806e+08
0,647.6,239.4,0,,5.43806e+08
0,647.6,239.4,0,,5.43806e+08
0,647.6,239.4,0,,5.43806e+08
0,647.6,239.4,0,,5.43806e+08
0,647.6,239.4,0,,5.43806e+08
0,647.6,239.4,0,,5.43806e+08
0,647.6,239.4,0,,5.43806e+08
0,647.6,239.4,0,,5.43806e+08
0,647.6,239.4,0,,5.43806e+08
0,647.6,239.4,0,,5.43806e+08
0,647.6,239.4,0,,5.43806e+08
0,647.6,239.4,0,,5.43806e+08
0,647.6,239.4,0,,5.43806e+08
0,647.6,239.4,0,,5.43806e+08
0,647.6,239.4,0,,5.43806e+08
0,647.6,239.4,0,,5.43806e+08
0,647.6,239.4,0,,5.43806e+08
0,647.6,239.4,0,,5.43806e+08
0,647.6,239.4,0,,5.43806e+08
0,647.6,239.4,0,,5.43806e+08
0,647.6,239.4,0,,5.43806e+08
0,647.6,239.4,0,,5.43806e+08
0,647.6,239.4,0,,5.43806e+08
0,647.6,239.4,0,,5.43806e+08
0,647.6,239.4,0,,5.43806e+08
0,647.6,239.4,0,,5.43806e+08
0,647.6,239.4,0,,5.43806e+08
0,647.6,239.4,0,,5.43806e+08
0,647.6,239.4,0,,5.43806e+08
0,647.6,239.4,0,,5.43806e+08
0,647.6,239.4,0,,5.43806e+08
0,647.6,239.4,0,,5.43806e+08
0,647.6,239.4,0,,5.43806e+08
0,647.6,239.4,0,,5.43806e+08
0,647.6,239.4,0,,5.43806e+08
0,647.6,239.4,0,,5.43806e+08
0,647.6,239.4,0,,5.43806e+08
0,647.6,239.4,0,,5.43806e+08
0,647.6,239.4,0,,5.43806e+08
0,647.6,239.4,0,,5.43806e+08
0,647.6,239.4,0,,5.43806e+08
0,647.6,239.4,0,,5.43806e+08
0,647.6,239.4,0,,5.43806e+08
0,647.6,239.4,0,,5.43806e+08
0,647.6,239.4,0,,5.43806e+08
0,647.6,239.4,0,,5.43806e+08
0,647.6,239.4,0,,5.43806e+08
0,647.6,239.4,0,,5.43806e+08
0,647.6,239.4,0,,5.43806e+08
0,647.6,239.4,0,,5.43806e+08
0,647.6,239.4,0,,5.43806e+08
0,647.6,239.4,0,,5.43806e+08
0,647.6,239.4,0,,5.43806e+08
0,647.6,239.4,0,,5.43806e+08
0,647.6,239.4,0,,5.43806e+08
0,647.6,239.4,0,,5.43806e+08
0,647.6,239.4,0,,5.43806e+08
0,647.6,239.4,0,,5.43806e+08
0,647.6,239.4,0,,5.43806e+08
0,647.6,239.4,0,,5.43806e+08
0,647.6,239.4,0,,5.43806e+08
0,647.6,239.4,0,,5.43806e+08
0,647.6,239.4,0,,5.43806e+08
0,647.6,239.4,0,,5.43806e+08
0,647.6,239.4,0,,5.43806e+08
0,647.6,239.4,0,,5.43806e+08
0,647.6,239.4,0,,5.43806e+08
0,647.6,239.4,0,,5.43806e+08
0,647.6,239.4,0,,5.43806e+08
0,647.6,239.4,0,,5.43806e+08
0,647.6,239.4,0,,5.43806e+08
0,647.6,239.4,0,,5.43806e+08
0,647.6,239.4,0,,5.43806e+08
0,647.6,239.4,0,,5.43806e+08
0,647.6,239.4,0,,5.43806e+08
0,647.6,239.4,0,,5.43806e+08
0,647.6,239.4,0,,5.43806e+08
0,647.6,239.4,0,,5.43806e+08
0,647.6,239.4,0,,5.43806e+08
0,647.6,239.4,0,,5.43806e+08
0,647.6,239.4,0,,5.43806e+08
0,647.6,239.4,0,,5.43806e+08
0,647.6,239.4,0,,5.43806e+08
0,647.6,239.4,0,,5.43806e+08
0,647.6,239.4,0,,5.43806e+08
0,647.6,239.4,0,,5.43806e+08
0,647.6,239.4,0,,5.43806e+08
0,647.6,239.4,0,,5.43806e+08
0,647.6,239.4,0,,5.43806e+08
0,647.6,239.4,0,,5.43806e+08
0,647.6,239.4,0,,5.43806e+08
0,647.6,239.4,0,,5.43806e+08
0,647.6,239.4,0,,5.43806e+08
0,647.6,239.4,0,,5.43806e+08
0,647.6,239.4,0,,5.43806e+08
0,647.6,239.4,0,,5.43806e+08
0,647.6,239.4,0,,5.43806e+08
0,647.6,239.4,0,,5.43806e+08
0,647.6,239.4,0,,5.43806e+08
0,647.6,239.4,0,,5.43806e+08
0,647.6,239.4,0,,5.43806e+08
0,647.6,239.4,0,,5.43806e+08
0,647.6,239.4,0,,5.43806e+08
0,647.6,239.4,0,,5.43806e+08
0,647.6,239.4,0,,5.43806e+08
0,647.6,239.4,0,,5.43806e+08
0,647.6,239.4,0,,5.43806e+08
0,647.6,239.4,0,,5.43806e+08
0,647.6,239.4,0,,5.43806e+08
0,647.6,239.4,0,,5.43806e+08
0,647.6,239.4,0,,5.43806e+08
0,647.6,239.4,0,,5.43806e+08
0,647.6,239.4,0,,5.43806e+08
0,647.6,239.4,0,,5.43806e+08
0,647.6,239.4,0,,5.43806e+08
0,647.6,239.4,0,,5.43806e+08
0,647.6,239.4,0,,5.43806e+08
0,647.6,239.4,0,,5.43806e+08
0,647.6,239.4,0,,5.43806e+08
0,647.6,239.4,0,,5.43806e+08
0,647.6,239.4,0,,5.43806e+08
0,647.6,239.4,0,,5.43806e+08
0,647.6,239.4,0,,5.43806e+08
0,647.6,239.4,0,,5.43806e+08
0,647.6,239.4,0,,5.43806e+08
0,647.6,239.4,0,,5.43806e+08
0,647.6,239.4,0,,5.43806e+08
0,647.6,239.4,0,,5.43806e+08
0,647.6,239.4,0,,5.43806e+08
0,647.6,239.4,0,,5.43806e+08
0,647.6,239.4,0,,5.43806e+08
0,647.6,239.4,0,,5.43806e+08
0,647.6,239.4,0,,5.43806e+08
0,647.6,239.4,0,,5.43806e+08
0,647.6,239.4,0,,5.43806e+08
0,647.6,239.4,0,,5.43806e+08
0,647.6,239.4,0,,5.43806e+08
0,647.6,239.4,0,,5.43806e+08
0,647.6,239.4,0,,5.43806e+08
0,647.6,239.4,0,,5.43806e+08
0,647.6,239.4,0,,5.43806e+08
