page,x,y,word,word_index,timestamp
0,727.6,401.1,0,at,1.2284e+09
0,727.6,401.1,0,at,1.2284e+09
0,726.9,406.9,0,at,1.2284e+09
0,728.1,408.7,0,at,1.2284e+09
0,726.4,405.5,0,at,1.2284e+09
0,726.8,406.8,0,at,1.2284e+09
0,729.1,407.8,0,at,1.22841e+09
0,729.1,407.8,0,at,1.22841e+09
0,727.6,409.1,0,at,1.22841e+09
0,728.5,409.3,0,at,1.22841e+09
0,725.8,411.5,0,at,1.22841e+09
0,717.1,407.9,0,at,1.22841e+09
1,327.7,414.3,0,biological,1.22841e+09
1,302.4,408.1,0,biological,1.22841e+09
1,282.6,407.4,0,biological,1.22841e+09
1,285.3,407.6,0,biological,1.22841e+09
1,281,411.3,0,biological,1.22841e+09
1,281,411.3,0,biological,1.22841e+09
1,280.2,418.3,0,biological,1.22841e+09
1,291.2,418.2,0,biological,1.22841e+09
1,211.6,417.3,0,My,1.22841e+09
1,544.1,414.7,0,was,1.22841e+09
1,748.7,417.1,0,unwed,1.22841e+09
1,755.5,416.5,0,unwed,1.22841e+09
1,756,418.1,0,unwed,1.22841e+09
1,752.9,419.7,0,unwed,1.22841e+09
1,752.9,419.7,0,unwed,1.22841e+09
1,853.2,405.3,0,college,1.22841e+09
1,853.2,405.3,0,college,1.22841e+09
1,923.2,409.7,0,graduate,1.22841e+09
1,922.4,411.8,0,graduate,1.22841e+09
1,923.8,409.7,0,graduate,1.22841e+09
1,946.6,405.1,0,graduate,1.22841e+09
1,946.6,405.1,0,graduate,1.22841e+09
1,998.3,403.3,0,graduate,1.22841e+09
1,1352.3,402.9,0,decided,1.22841e+09
1,1366.1,408.5,0,decided,1.22841e+09
1,1368.1,409.5,0,decided,1.22841e+09
1,1377.6,404.7,0,decided,1.22841e+09
1,1377.3,415.3,0,decided,1.22841e+09
1,1378,414.2,0,decided,1.22841e+09
1,1377.7,415,0,decided,1.22841e+09
1,1377.7,414,0,decided,1.22841e+09
1,1376.9,413.4,0,decided,1.22841e+09
1,1375.1,406.4,0,decided,1.22841e+09
1,1375.1,403.7,0,decided,1.22841e+09
1,1374.4,402.3,0,decided,1.22841e+09
1,1374.4,402.3,0,decided,1.22841e+09
1,364.1,499.8,0,adoption.,1.22841e+09
1,364.1,499.8,0,adoption.,1.22841e+09
1,410,499.5,0,adoption.,1.22841e+09
1,596.7,498.1,0,felt,1.22841e+09
1,599.9,497,0,felt,1.22841e+09
1,714.3,482.4,0,strongly,1.22841e+09
1,1066,490.7,0,be,1.22841e+09
1,1288.5,483.3,0,college,1.22841e+09
1,1281.8,483,0,college,1.22841e+09
1,1463.5,493.3,0,graduates,,1.22841e+09
1,1476.3,487.7,0,graduates,,1.22841e+09
1,1476.3,487.7,0,graduates,,1.22841e+09
1,1480,490.7,0,graduates,,1.22841e+09
1,707.4,568.2,0,to,1.22841e+09
1,254.4,577,0,everything,1.22841e+09
1,250.3,579.8,0,everything,1.22841e+09
1,253.3,579.6,0,everything,1.22841e+09
1,280.7,571.5,0,everything,1.22841e+09
1,303.3,566.4,0,everything,1.22841e+09
1,306.4,564.4,0,everything,1.22841e+09
1,305.8,563.9,0,everything,1.22841e+09
1,306,564.1,0,everything,1.22841e+09
1,426,576.5,0,was,1.22841e+09
1,424.5,579.7,0,was,1.22841e+09
1,429.7,573.2,0,was,1.22841e+09
1,429,579.8,0,was,1.22841e+09
1,415.1,569.3,0,was,1.22841e+09
1,416,567.7,0,was,1.22841e+09
1,425.1,566.4,0,was,1.22841e+09
1,435.5,563.4,0,was,1.22841e+09
1,491.8,563.6,0,all,1.22841e+09
1,531.8,573.7,0,set,1.22841e+09
1,531.8,573.7,0,set,1.22841e+09
1,593.5,575.6,0,for,1.22841e+09
1,597.8,568.2,0,for,1.22841e+09
1,989.1,574.1,0,birth,1.22841e+09
1,998.9,566.5,0,birth,1.22841e+09
1,996,578.4,0,birth,1.22841e+09
1,998.2,570.5,0,birth,1.22841e+09
1,1054.4,579.7,0,by,1.22841e+09
1,1243.7,573.9,0,and,1.22841e+09
1,1308.9,573.4,0,his,1.22841e+09
1,1303.9,572.7,0,his,1.22841e+09
1,1484,568.6,0,Except,1.22841e+09
1,1485.4,572.2,0,Except,1.22841e+09
1,1482.2,575.9,0,Except,1.22841e+09
1,1481.7,577.1,0,Except,1.22841e+09
1,1450.1,571,0,Except,1.22841e+09
1,309.7,572,0,everything,1.22841e+09
1,306.4,572.2,0,everything,1.22841e+09
1,227.7,642.3,0,that,1.22841e+09
1,223.6,647.8,0,that,1.22841e+09
1,219.9,649.7,0,that,1.22841e+09
1,216.5,648.5,0,that,1.22841e+09
1,231.9,641,0,that,1.22841e+09
1,352.6,645.9,0,I,1.22841e+09
1,411.1,652.4,0,popped,1.22842e+09
1,412.9,652,0,popped,1.22842e+09
1,417.8,654.5,0,popped,1.22842e+09
1,426.4,656.8,0,popped,1.22842e+09
1,426.4,656.8,0,popped,1.22842e+09
1,428.1,659.6,0,popped,1.22842e+09
1,429.5,658.4,0,popped,1.22842e+09
1,431.2,657.3,0,popped,1.22842e+09
1,429.5,649,0,popped,1.22842e+09
1,429.5,649,0,popped,1.22842e+09
1,503.5,655.1,0,out,1.22842e+09
1,555.8,655.5,0,they,1.22842e+09
1,555.8,655.5,0,they,1.22842e+09
1,555.8,655.5,0,they,1.22842e+09
1,558.3,657.8,0,they,1.22842e+09
1,559.2,651.1,0,they,1.22842e+09
1,558.9,641.1,0,they,1.22842e+09
1,743.5,648.1,0,at,1.22842e+09
1,801.7,655.9,0,the,1.22842e+09
1,801.7,655.9,0,the,1.22842e+09
1,799.5,644.7,0,the,1.22842e+09
1,861,643.2,0,last,1.22842e+09
1,878.5,648.3,0,last,1.22842e+09
1,953.4,643.3,0,minute,1.22842e+09
1,1043,644.2,0,that,1.22842e+09
1,1046.8,647.1,0,that,1.22842e+09
1,1049.2,650.2,0,that,1.22842e+09
1,1051.3,653.8,0,that,1.22842e+09
1,1050.5,651.2,0,that,1.22842e+09
1,1050.5,651.2,0,that,1.22842e+09
1,1054.2,655.9,0,that,1.22842e+09
1,1062.7,654.8,0,that,1.22842e+09
1,1137.8,652.6,0,they,1.22842e+09
1,1191.9,650.2,0,really,1.22842e+09
1,1210.6,652.8,0,really,1.22842e+09
1,1213.4,645.7,0,really,1.22842e+09
1,1312.6,652.8,0,wanted,1.22842e+09
1,1320.7,651.5,0,wanted,1.22842e+09
1,1339.6,655.7,0,wanted,1.22842e+09
1,1336.1,650.4,0,wanted,1.22842e+09
1,1337.7,650,0,wanted,1.22842e+09
1,1443.4,645.1,0,girl.,1.22842e+09
1,1442.4,645.1,0,girl.,1.22842e+09
1,1457.3,647.6,0,girl.,1.22842e+09
1,1457.3,647.6,0,girl.,1.22842e+09
1,1464.9,650,0,girl.,1.22842e+09
1,1464.7,649.6,0,girl.,1.22842e+09
1,1509.9,641.4,0,So,1.22842e+09
1,1509.9,641.4,0,So,1.22842e+09
1,1513.9,647.7,0,So,1.22842e+09
1,1517.1,646,0,So,1.22842e+09
1,1519.3,647.5,0,So,1.22842e+09
1,1517.9,650.2,0,So,1.22842e+09
1,1517.2,652,0,So,1.22842e+09
1,746.3,721.6,0,list,,1.22842e+09
1,201,723.4,0,my,1.22842e+09
1,202.1,727.3,0,my,1.22842e+09
1,202.1,727.3,0,my,1.22842e+09
1,201.6,726.8,0,my,1.22842e+09
1,202.1,736.6,0,my,1.22842e+09
1,204.5,738.6,0,my,1.22842e+09
1,202.6,736.7,0,my,1.22842e+09
1,389.2,731.8,0,who,1.22842e+09
1,388.7,729.8,0,who,1.22842e+09
1,385.9,729,0,who,1.22842e+09
1,382.6,723.1,0,who,1.22842e+09
1,398.4,723.6,0,who,1.22842e+09
1,398.4,723.6,0,who,1.22842e+09
1,401.2,721.6,0,who,1.22842e+09
1,408.4,726,0,who,1.22842e+09
1,461.9,728.5,0,were,1.22842e+09
1,596.8,725.6,0,waiting,1.22842e+09
1,596.7,727.2,0,waiting,1.22842e+09
1,592.8,731.5,0,waiting,1.22842e+09
1,593.4,727.2,0,waiting,1.22842e+09
1,618.3,724.7,0,waiting,1.22842e+09
1,744.6,723.1,0,list,,1.22842e+09
1,802.8,729.1,0,got,1.22842e+09
1,802.8,729.1,0,got,1.22842e+09
1,804,724.2,0,got,1.22842e+09
1,803.1,734,0,got,1.22842e+09
1,805.3,732.3,0,got,1.22842e+09
1,807.4,727.3,0,got,1.22842e+09
1,808.6,727.8,0,got,1.22842e+09
1,811.3,725.7,0,got,1.22842e+09
1,892.9,737.5,0,call,1.22842e+09
1,978.3,732.5,0,in,1.22842e+09
1,981.6,732.8,0,in,1.22842e+09
1,980.6,739,0,in,1.22842e+09
1,980.6,739,0,in,1.22842e+09
1,980.6,739,0,in,1.22842e+09
1,973.5,724.2,0,in,1.22842e+09
1,969.8,723,0,in,1.22842e+09
1,970.8,723.2,0,in,1.22842e+09
1,970.9,724.4,0,in,1.22842e+09
1,971.7,724.1,0,in,1.22842e+09
1,972.7,725,0,in,1.22842e+09
1,973.8,726.1,0,in,1.22842e+09
1,973.8,726.1,0,in,1.22842e+09
1,1093.7,728.4,0,middle,1.22842e+09
1,1104,726.1,0,middle,1.22842e+09
1,1098.7,721,0,middle,1.22842e+09
1,1498.9,730.9,0,"We,1.22842e+09
1,563.1,806.7,0,boy;,1.22842e+09
1,490.3,804.2,0,baby,1.22842e+09
1,508.5,810.6,0,baby,1.22842e+09
1,519.1,805,0,baby,1.22842e+09
1,569.2,808.5,0,boy;,1.22842e+09
1,652.1,815,0,do,1.22842e+09
1,704,808.2,0,you,1.22842e+09
1,860.5,809.7,0,him?",1.22842e+09
1,864.8,803.1,0,him?",1.22842e+09
1,864.8,803.1,0,him?",1.22842e+09
1,941.4,807.4,0,They,1.22842e+09
1,941.4,807.4,0,They,1.22842e+09
1,936.2,803.1,0,They,1.22842e+09
1,940.1,812.8,0,They,1.22842e+09
1,942.1,813.6,0,They,1.22842e+09
1,942.1,813.6,0,They,1.22842e+09
1,1024.9,809.4,0,said:,1.22842e+09
1,1139.4,811.9,0,course.",1.22842e+09
1,1145.7,808.8,0,course.",1.22842e+09
1,1153.8,810.3,0,course.",1.22842e+09
1,1169.4,817.4,0,course.",1.22842e+09
1,1168.5,816.7,0,course.",1.22842e+09
1,1167.2,812.3,0,course.",1.22842e+09
1,1167.2,812.3,0,course.",1.22842e+09
1,1172.6,817.7,0,course.",1.22842e+09
1,1172.8,815.6,0,course.",1.22842e+09
1,1169.4,807.4,0,course.",1.22842e+09
1,1165.7,808.6,0,course.",1.22842e+09
1,1165.9,814.4,0,course.",1.22842e+09
1,1169.3,816.8,0,course.",1.22842e+09
1,1170.4,817.2,0,course.",1.22842e+09
1,1173.2,818.1,0,course.",1.22842e+09
1,1173.2,818.1,0,course.",1.22842e+09
1,1187.3,809.4,0,course.",1.22842e+09
1,1188.2,809.7,0,course.",1.22842e+09
1,1314.6,813.6,0,biological,1.22842e+09
1,1326.9,818.6,0,biological,1.22842e+09
1,1342.8,819,0,biological,1.22842e+09
1,1345.4,819.5,0,biological,1.22842e+09
1,1355,817.6,0,biological,1.22842e+09
1,1356.5,817,0,biological,1.22842e+09
1,1377.2,809.9,0,biological,1.22842e+09
1,1373.1,811.2,0,biological,1.22842e+09
1,1373.2,804.8,0,biological,1.22842e+09
1,1373.2,804.8,0,biological,1.22842e+09
1,1394.5,807.6,0,biological,1.22842e+09
1,1500.1,813.3,0,mother,1.22842e+09
2,234.7,412.1,0,later,1.22842e+09
2,233.4,415.1,0,later,1.22842e+09
2,221.2,417.7,0,later,1.22842e+09
2,208.2,415,0,later,1.22842e+09
2,203.7,411.4,0,later,1.22842e+09
2,206.4,412,0,later,1.22842e+09
2,206.9,411,0,later,1.22842e+09
2,205.8,408.9,0,later,1.22842e+09
2,205.8,408.9,0,later,1.22842e+09
2,386,413,0,out,1.22842e+09
2,441.5,416.9,0,that,1.22842e+09
2,441.1,417,0,that,1.22842e+09
2,448,418.7,0,that,1.22842e+09
2,605.2,402.7,0,mother,1.22842e+09
2,609.1,404.4,0,mother,1.22842e+09
2,610.4,402.7,0,mother,1.22842e+09
2,611.9,401.1,0,mother,1.22842e+09
2,612.4,402,0,mother,1.22842e+09
2,618.8,411.9,0,mother,1.22842e+09
2,683.3,402.5,0,had,1.22842e+09
2,689.6,402.9,0,had,1.22842e+09
2,689.6,402.9,0,had,1.22842e+09
2,727.4,410.1,0,never,1.22842e+09
2,736.7,412.8,0,never,1.22842e+09
2,828.5,410.5,0,graduated,1.22842e+09
2,828.5,410.5,0,graduated,1.22842e+09
2,844.5,406.4,0,graduated,1.22842e+09
2,873.1,405.5,0,graduated,1.22842e+09
2,897.2,411.5,0,graduated,1.22842e+09
2,1176.3,403.7,0,and,1.22842e+09
2,1180,413.6,0,and,1.22842e+09
2,1378.9,415.4,0,father,1.22842e+09
2,1383.1,414,0,father,1.22842e+09
2,1389.9,414.1,0,father,1.22842e+09
2,1389.9,414.1,0,father,1.22842e+09
2,1397.6,414.5,0,father,1.22842e+09
2,1506.1,405.4,0,never,1.22843e+09
2,1513.9,418.1,0,never,1.22843e+09
2,1513.9,418.1,0,never,1.22843e+09
2,1515.6,415.2,0,never,1.22843e+09
2,1467,410.7,0,had,1.22843e+09
2,1467,410.7,0,had,1.22843e+09
2,1467,410.7,0,had,1.22843e+09
2,427.3,496.4,0,high,1.22843e+09
2,433.3,494.9,0,high,1.22843e+09
2,439.7,495.9,0,high,1.22843e+09
2,448.1,496.6,0,high,1.22843e+09
2,851.1,491.5,0,sign,1.22843e+09
2,861.2,487.6,0,sign,1.22843e+09
2,860,481.5,0,sign,1.22843e+09
2,1143.9,499.8,0,adoption,1.22843e+09
2,1146.1,499.9,0,adoption,1.22843e+09
2,1146.1,499.9,0,adoption,1.22843e+09
2,1147.7,488.8,0,adoption,1.22843e+09
2,1145.4,493.9,0,adoption,1.22843e+09
2,1146.3,491.4,0,adoption,1.22843e+09
2,1271.4,483.3,0,papers.,1.22843e+09
2,1386.5,494.7,0,only,1.22843e+09
2,1391.2,488.6,0,only,1.22843e+09
2,1392.5,489.7,0,only,1.22843e+09
2,1389.9,491.6,0,only,1.22843e+09
2,1392.6,490.2,0,only,1.22843e+09
2,1391.3,490.7,0,only,1.22843e+09
2,1502,498.1,0,relented,1.22843e+09
2,1511,496.6,0,relented,1.22843e+09
2,1523.6,491.6,0,relented,1.22843e+09
2,1533.4,486.8,0,relented,1.22843e+09
2,1429.5,563.9,0,And,1.22843e+09
2,607.2,570.6,0,parents,1.22843e+09
2,403,573.6,0,later,1.22843e+09
2,337.8,576.6,0,months,1.22843e+09
2,505.2,568.6,0,when,1.22843e+09
2,1183.6,569,0,go,1.22843e+09
2,1189.3,568.5,0,go,1.22843e+09
2,1227.2,561.4,0,to,1.22843e+09
2,1327.7,563.3,0,college.,1.22843e+09
2,1337.2,564.7,0,college.,1.22843e+09
2,1344.3,562.3,0,college.,1.22843e+09
2,1506.4,575.5,0,years,1.22843e+09
2,1529.6,566.9,0,years,1.22843e+09
2,1531,567.7,0,years,1.22843e+09
2,1544.2,564.8,0,years,1.22843e+09
2,1539.2,578,0,years,1.22843e+09
2,1548.6,574.7,0,years,1.22843e+09
2,1548.6,574.7,0,years,1.22843e+09
2,1551.4,575,0,years,1.22843e+09
2,1546,575.4,0,years,1.22843e+09
2,1529.4,577.1,0,years,1.22843e+09
2,1529.4,577.1,0,years,1.22843e+09
2,1529.4,577.1,0,years,1.22843e+09
2,1532.4,579.1,0,years,1.22843e+09
2,208.6,645.7,0,later,1.22843e+09
2,211.7,649.9,0,later,1.22843e+09
2,213.4,652.3,0,later,1.22843e+09
2,214.2,649.1,0,later,1.22843e+09
2,215.9,650.7,0,later,1.22843e+09
2,214.7,649.8,0,later,1.22843e+09
2,214.7,650.2,0,later,1.22843e+09
2,219.6,650.2,0,later,1.22843e+09
2,219,651.2,0,later,1.22843e+09
2,244.6,647.1,0,later,1.22843e+09
2,321.9,644.9,0,did,1.22843e+09
2,332.2,646.4,0,did,1.22843e+09
2,330.6,642.9,0,did,1.22843e+09
2,396.2,644.7,0,go,1.22843e+09
2,394.3,644.3,0,go,1.22843e+09
2,393.8,645.3,0,go,1.22843e+09
2,483.1,642.2,0,college.,1.22843e+09
2,489.1,642.9,0,college.,1.22843e+09
2,509.5,641.1,0,college.,1.22843e+09
2,514.3,643.3,0,college.,1.22843e+09
2,512.8,641.9,0,college.,1.22843e+09
2,522.2,644.5,0,college.,1.22843e+09
2,521.7,643.4,0,college.,1.22843e+09
2,521.7,643.4,0,college.,1.22843e+09
2,627.1,649.5,0,But,1.22843e+09
2,697.5,654.1,0,naively,1.22843e+09
2,702.5,653.5,0,naively,1.22843e+09
2,824.3,644.2,0,chose,1.22843e+09
2,822.9,641.4,0,chose,1.22843e+09
2,944.5,641.2,0,college,1.22843e+09
2,1156.8,648.8,0,was,1.22843e+09
2,1402.6,659.9,0,expensive,1.22843e+09
2,1407.9,659.6,0,expensive,1.22843e+09
2,1406,658.3,0,expensive,1.22843e+09
2,1410.3,657.6,0,expensive,1.22843e+09
2,1417.9,645.8,0,expensive,1.22843e+09
2,1423,655.9,0,expensive,1.22843e+09
2,801,721.2,0,parents',1.22843e+09
2,286.4,722.8,0,Stanford,,1.22843e+09
2,420.4,721.5,0,all,1.22844e+09
2,566.1,733.5,0,working-class,1.22844e+09
2,566.4,732.6,0,working-class,1.22844e+09
2,563.9,727,0,working-class,1.22844e+09
2,1035.3,722.3,0,were,1.22844e+09
2,1032.2,726.6,0,were,1.22844e+09
2,1034.2,728.4,0,were,1.22844e+09
2,1062.6,727.2,0,were,1.22844e+09
2,1063,727.4,0,were,1.22844e+09
2,1114.9,724.8,0,being,1.22844e+09
2,1216.3,733.7,0,spent,1.22844e+09
2,1224.1,738.6,0,spent,1.22844e+09
2,1384.1,724.6,0,college,1.22844e+09
2,1428.1,733.7,0,college,1.22844e+09
2,1421.9,729.4,0,college,1.22844e+09
2,220.4,818.3,0,After,1.22844e+09
2,204.7,804.8,0,After,1.22844e+09
2,204.7,806.6,0,After,1.22844e+09
2,204.7,806.6,0,After,1.22844e+09
2,201.7,810.8,0,After,1.22844e+09
2,212.5,813.7,0,After,1.22844e+09
2,212.5,813.7,0,After,1.22844e+09
2,246.5,808.1,0,After,1.22844e+09
2,249,807.6,0,After,1.22844e+09
2,250,807.8,0,After,1.22844e+09
2,574.7,808.8,0,couldn't,1.22844e+09
2,574.7,808.8,0,couldn't,1.22844e+09
2,663.8,807.1,0,see,1.22844e+09
2,639.4,803.8,0,see,1.22844e+09
2,642.4,802.1,0,see,1.22844e+09
2,651.3,801.2,0,see,1.22844e+09
2,846,810.9,0,in,1.22844e+09
2,846.1,812.3,0,in,1.22844e+09
2,848.5,814.2,0,in,1.22844e+09
2,848.5,814.2,0,in,1.22844e+09
2,1005,802,0,had,1.22844e+09
2,1005,802,0,had,1.22844e+09
2,1005,802,0,had,1.22844e+09
2,1057.2,813.7,0,no,1.22844e+09
2,1056.5,811.1,0,no,1.22844e+09
2,1056.3,806.9,0,no,1.22844e+09
2,1047.5,801.8,0,no,1.22844e+09
2,1423.8,803.4,0,do,1.22844e+09
2,1420.9,807.8,0,do,1.22844e+09
2,1417,809.6,0,do,1.22844e+09
2,1417,809.6,0,do,1.22844e+09
2,1418.9,807.5,0,do,1.22844e+09
2,1424.4,801.5,0,do,1.22844e+09
2,1421,807.3,0,do,1.22844e+09
2,1419.3,808.9,0,do,1.22844e+09
2,1420.3,805,0,do,1.22844e+09
2,1420.3,805,0,do,1.22844e+09
2,1383.9,807.7,0,to,1.22844e+09
2,1394.9,738.7,0,college,1.22844e+09
2,1394.9,738.7,0,college,1.22844e+09
3,213.3,413.4,0,my,1.22844e+09
3,263.5,410.7,0,life,1.22844e+09
3,272.8,409.4,0,life,1.22844e+09
3,275.9,405.9,0,life,1.22844e+09
3,280.8,409.4,0,life,1.22844e+09
3,274.8,405.2,0,life,1.22844e+09
3,281.8,409.8,0,life,1.22844e+09
3,429.5,411.9,0,idea,1.22844e+09
3,429.5,411.9,0,idea,1.22844e+09
3,442.3,411,0,idea,1.22844e+09
3,454.1,413.7,0,idea,1.22844e+09
3,510,409.8,0,how,1.22844e+09
3,527.8,407.6,0,how,1.22844e+09
3,569.4,405.1,0,college,1.22844e+09
3,682.1,401.3,0,was,1.22844e+09
3,768.3,401,0,going,1.22844e+09
3,1005.1,419.6,0,figure,1.22844e+09
3,1005.1,419.6,0,figure,1.22844e+09
3,1050.1,413.2,0,figure,1.22844e+09
3,1488.6,407.6,0,spending,1.22844e+09
3,1488.5,405.7,0,spending,1.22844e+09
3,1498.5,410.6,0,spending,1.22844e+09
3,1506.2,410.1,0,spending,1.22844e+09
3,1506.1,403.4,0,spending,1.22844e+09
3,1506.1,403.4,0,spending,1.22844e+09
3,312.3,497.2,0,the,1.22844e+09
3,328.6,499.6,0,the,1.22844e+09
3,328.6,499.6,0,the,1.22844e+09
3,327.2,494.7,0,the,1.22844e+09
3,382,488.4,0,money,1.22844e+09
3,382,488.4,0,money,1.22844e+09
3,387.3,482.5,0,money,1.22844e+09
3,390.9,482,0,money,1.22844e+09
3,400.3,482.7,0,money,1.22844e+09
3,405.1,491,0,money,1.22844e+09
3,407.8,490.1,0,money,1.22844e+09
3,407.1,487.4,0,money,1.22844e+09
3,407.1,487.4,0,money,1.22844e+09
3,412.4,491.4,0,money,1.22844e+09
3,412.4,491.4,0,money,1.22844e+09
3,517.5,486.8,0,parents,1.22844e+09
3,504.2,487.4,0,parents,1.22844e+09
3,522.7,487.4,0,parents,1.22844e+09
3,522.7,487.4,0,parents,1.22844e+09
3,508.8,481.1,0,parents,1.22844e+09
3,506.9,482.1,0,parents,1.22844e+09
3,504.7,482.9,0,parents,1.22844e+09
3,503.8,482.4,0,parents,1.22844e+09
3,503.8,482.4,0,parents,1.22844e+09
3,704.1,495.5,0,saved,1.22844e+09
3,704.1,495.5,0,saved,1.22844e+09
3,704.1,495.5,0,saved,1.22844e+09
3,704,484.6,0,saved,1.22844e+09
3,706.5,482.9,0,saved,1.22844e+09
3,687.7,488.7,0,saved,1.22844e+09
3,687.2,485.3,0,saved,1.22844e+09
3,883.6,481.2,0,entire,1.22845e+09
3,867.9,483,0,entire,1.22845e+09
3,864.9,483.2,0,entire,1.22845e+09
3,888.2,483.6,0,entire,1.22845e+09
3,1002.6,481.3,0,life.,1.22845e+09
3,1002.3,483.4,0,life.,1.22845e+09
3,1002.3,483.4,0,life.,1.22845e+09
3,1003.5,484.9,0,life.,1.22845e+09
3,1006,484.6,0,life.,1.22845e+09
3,1012.5,491.5,0,life.,1.22845e+09
3,1104.1,488.8,0,I,1.22845e+09
3,1143.1,486.9,0,decided,1.22845e+09
3,1152.7,484.8,0,decided,1.22845e+09
3,1182.6,482.4,0,decided,1.22845e+09
3,1179,482.6,0,decided,1.22845e+09
3,1180.8,484.2,0,decided,1.22845e+09
3,1183.7,483.4,0,decided,1.22845e+09
3,1184.5,481.8,0,decided,1.22845e+09
3,1267.5,499.9,0,to,1.22845e+09
3,1268.6,498.3,0,to,1.22845e+09
3,1268.6,498.3,0,to,1.22845e+09
3,1386.6,486.7,0,out,1.22845e+09
3,1396.7,489.7,0,out,1.22845e+09
3,1396.1,491.2,0,out,1.22845e+09
3,364.5,568.8,0,would,1.22845e+09
3,434.2,561,0,all,1.22845e+09
3,489.7,562.3,0,work,1.22845e+09
3,722.8,563.6,0,was,1.22845e+09
3,717.1,575.3,0,was,1.22845e+09
3,712.5,569.8,0,was,1.22845e+09
3,725.9,562.3,0,was,1.22845e+09
3,728.6,563.3,0,was,1.22845e+09
3,730.2,564,0,was,1.22845e+09
3,816.4,572.5,0,pretty,1.22845e+09
3,812.3,565.3,0,pretty,1.22845e+09
3,812,566.7,0,pretty,1.22845e+09
3,809.9,564.7,0,pretty,1.22845e+09
3,812.3,570.6,0,pretty,1.22845e+09
3,812.3,570.6,0,pretty,1.22845e+09
3,1262.6,573.4,0,looking,1.22845e+09
3,1268.6,573.2,0,looking,1.22845e+09
3,1269.1,566.2,0,looking,1.22845e+09
3,1266.9,566.1,0,looking,1.22845e+09
3,1265.1,562.3,0,looking,1.22845e+09
3,1432.7,579.1,0,it,1.22845e+09
3,1431.1,575.9,0,it,1.22845e+09
3,1424.9,564.2,0,it,1.22845e+09
3,1428.2,562.7,0,it,1.22845e+09
3,1430.2,564,0,it,1.22845e+09
3,1430.6,563.9,0,it,1.22845e+09
3,1421.3,576.1,0,it,1.22845e+09
3,1421.3,576.1,0,it,1.22845e+09
3,1424.9,561.3,0,it,1.22845e+09
3,1485.2,565.8,0,was,1.22845e+09
3,1530.5,571.5,0,one,1.22845e+09
3,1534.6,572.4,0,one,1.22845e+09
3,1534.5,572.7,0,one,1.22845e+09
3,1532.2,577.8,0,one,1.22845e+09
3,1531.9,577,0,one,1.22845e+09
3,1532.1,575.8,0,one,1.22845e+09
3,1531.2,576.4,0,one,1.22845e+09
3,431.9,644.6,0,decisions,1.22845e+09
3,343.2,646.7,0,best,1.22845e+09
3,340.2,643,0,best,1.22845e+09
3,597,654.3,0,ever,1.22845e+09
3,590.1,648.4,0,ever,1.22845e+09
3,587.9,647.1,0,ever,1.22845e+09
3,596.6,649,0,ever,1.22845e+09
3,596.6,649,0,ever,1.22845e+09
3,732.5,641.7,0,The,1.22845e+09
3,820.2,643.8,0,minute,1.22845e+09
3,836.1,643.6,0,minute,1.22845e+09
3,950.9,644.1,0,dropped,1.22845e+09
3,965.8,646.7,0,dropped,1.22845e+09
3,972,652.4,0,dropped,1.22845e+09
3,974.2,653.4,0,dropped,1.22845e+09
3,1474.3,643.8,0,required,1.22845e+09
3,1467.1,644.3,0,required,1.22845e+09
3,419.6,736.4,0,didn't,1.22845e+09
3,264.4,726.7,0,classes,1.22845e+09
3,255.5,723.3,0,classes,1.22845e+09
3,255.5,723.3,0,classes,1.22845e+09
3,267.1,723.9,0,classes,1.22845e+09
3,260.7,721.4,0,classes,1.22845e+09
3,329.4,724.1,0,that,1.22845e+09
3,342.4,730,0,that,1.22845e+09
3,914.2,726.2,0,dropping,1.22845e+09
3,923.4,736.3,0,dropping,1.22845e+09
3,924.8,735.9,0,dropping,1.22845e+09
3,1044,724.3,0,on,1.22845e+09
3,1076.8,731.6,0,the,1.22845e+09
3,1085.1,726.7,0,the,1.22845e+09
3,1389.4,721.9,0,interesting.,1.22845e+09
3,1407.9,725.7,0,interesting.,1.22845e+09
3,1440.4,732.7,0,interesting.,1.22845e+09
3,1431.7,733.8,0,interesting.,1.22845e+09
3,1437.9,732.7,0,interesting.,1.22845e+09
3,1452.7,731.6,0,interesting.,1.22845e+09
3,1452.7,731.6,0,interesting.,1.22845e+09
3,1491.1,727.1,0,interesting.,1.22845e+09
3,1489.5,729.6,0,interesting.,1.22846e+09
3,1486.9,730.4,0,interesting.,1.22846e+09
3,1483.9,731.2,0,interesting.,1.22846e+09
3,1477.1,726.2,0,interesting.,1.22846e+09
3,1477.1,726.2,0,interesting.,1.22846e+09
3,1475.3,727.1,0,interesting.,1.22846e+09
3,1449.7,721.6,0,interesting.,1.22846e+09
3,1449.7,721.6,0,interesting.,1.22846e+09
3,275.2,802.8,0,wasn't,1.22846e+09
3,276.3,803.1,0,wasn't,1.22846e+09
3,279.4,803.7,0,wasn't,1.22846e+09
3,459.1,802,0,romantic.,1.22846e+09
3,455,817.1,0,romantic.,1.22846e+09
3,499.9,818.9,0,romantic.,1.22846e+09
3,499.9,818.9,0,romantic.,1.22846e+09
3,711.2,808.7,0,have,1.22846e+09
3,711.2,808.7,0,have,1.22846e+09
3,896.4,801.1,0,room,,1.22846e+09
3,1059.3,802.9,0,slept,1.22846e+09
3,1059.3,802.9,0,slept,1.22846e+09
3,1076.4,807.2,0,slept,1.22846e+09
3,1265.2,812.5,0,floor,1.22846e+09
3,1444.1,807.3,0,friends',1.22846e+09
3,1445.1,802,0,friends',1.22846e+09
3,1518.7,809.6,0,rooms,,1.22846e+09
3,1541.1,814.2,0,rooms,,1.22846e+09
3,1553.4,817,0,rooms,,1.22846e+09
3,1548.1,816.5,0,rooms,,1.22846e+09
3,1548.9,816.7,0,rooms,,1.22846e+09
3,1544.6,807.8,0,rooms,,1.22846e+09
4,499.8,402.7,0,bottles,1.22846e+09
4,294.6,412.1,0,returned,1.22846e+09
4,238.2,417.4,0,returned,1.22846e+09
4,238.9,417.8,0,returned,1.22846e+09
4,245.5,416.8,0,returned,1.22846e+09
4,246.5,412.5,0,returned,1.22846e+09
4,246.7,408.1,0,returned,1.22846e+09
4,260,407.9,0,returned,1.22846e+09
4,482,405.2,0,bottles,1.22846e+09
4,484.7,405.4,0,bottles,1.22846e+09
4,621.8,409.5,0,the,1.22846e+09
4,624.2,401.3,0,the,1.22846e+09
4,649.3,402.1,0,the,1.22846e+09
4,708.2,409,0,5¢,1.22846e+09
4,759.8,416.8,0,deposits,1.22846e+09
4,759.8,416.8,0,deposits,1.22846e+09
4,752.8,414.7,0,deposits,1.22846e+09
4,751.4,413.7,0,deposits,1.22846e+09
4,760.1,412.8,0,deposits,1.22846e+09
4,776.8,412.1,0,deposits,1.22846e+09
4,799.1,404,0,deposits,1.22846e+09
4,811.2,402.9,0,deposits,1.22846e+09
4,809.9,407,0,deposits,1.22846e+09
4,802.3,409.2,0,deposits,1.22846e+09
4,802.3,409.2,0,deposits,1.22846e+09
4,805.5,407.5,0,deposits,1.22846e+09
4,809.7,409,0,deposits,1.22846e+09
4,808.4,409.2,0,deposits,1.22846e+09
4,812.7,411.8,0,deposits,1.22846e+09
4,810.6,408.9,0,deposits,1.22846e+09
4,817.2,406.3,0,deposits,1.22846e+09
4,815,408,0,deposits,1.22846e+09
4,815.7,406.2,0,deposits,1.22846e+09
4,815.7,406.2,0,deposits,1.22846e+09
4,815.8,407,0,deposits,1.22846e+09
4,1405.3,418.7,0,the,1.22846e+09
4,1412.9,407.5,0,the,1.22846e+09
4,1413.6,403.9,0,the,1.22846e+09
4,1517.4,406.6,0,miles,1.22846e+09
4,1519.8,410.1,0,miles,1.22846e+09
4,1522.4,415.4,0,miles,1.22846e+09
4,1523.7,416.2,0,miles,1.22846e+09
4,1525.8,417.6,0,miles,1.22846e+09
4,1528.1,411.9,0,miles,1.22846e+09
4,1528.1,411.9,0,miles,1.22846e+09
4,1527.6,414.8,0,miles,1.22846e+09
4,1525.8,410,0,miles,1.22846e+09
4,1523.6,406.4,0,miles,1.22846e+09
4,1523.6,406.4,0,miles,1.22846e+09
4,251.3,499.3,0,across,1.22846e+09
4,238,493.6,0,across,1.22846e+09
4,229.9,492.8,0,across,1.22846e+09
4,231.2,489.1,0,across,1.22846e+09
4,214.4,481.4,0,across,1.22846e+09
4,215.3,481.6,0,across,1.22846e+09
4,216.2,481.8,0,across,1.22846e+09
4,216.2,481.8,0,across,1.22846e+09
4,219.9,489.9,0,across,1.22846e+09
4,219.9,491.9,0,across,1.22846e+09
4,220.4,494.1,0,across,1.22846e+09
4,220.7,499.2,0,across,1.22846e+09
4,235.5,492.8,0,across,1.22846e+09
4,389,485.7,0,every,1.22846e+09
4,391.6,488.4,0,every,1.22846e+09
4,392,492.2,0,every,1.22846e+09
4,391.7,497.4,0,every,1.22846e+09
4,391.7,497.4,0,every,1.22846e+09
4,498.2,481.3,0,Sunday,1.22846e+09
4,501.5,484.7,0,Sunday,1.22846e+09
4,503,486.3,0,Sunday,1.22846e+09
4,503,486.3,0,Sunday,1.22846e+09
4,506.2,492.7,0,Sunday,1.22846e+09
4,510.4,494.6,0,Sunday,1.22846e+09
4,513.8,496.4,0,Sunday,1.22846e+09
4,510.5,488.6,0,Sunday,1.22846e+09
4,511.4,491.8,0,Sunday,1.22846e+09
4,510.1,491.5,0,Sunday,1.22846e+09
4,511.5,488.1,0,Sunday,1.22846e+09
4,510.5,484.5,0,Sunday,1.22846e+09
4,510.5,484.5,0,Sunday,1.22846e+09
4,512.2,482.9,0,Sunday,1.22846e+09
4,722.2,484.8,0,get,1.22846e+09
4,719.8,491.1,0,get,1.22846e+09
4,736.4,491.3,0,get,1.22846e+09
4,844.2,493.7,0,good,1.22846e+09
4,845.6,486.4,0,good,1.22846e+09
4,863.3,487.7,0,good,1.22846e+09
4,863.3,487.7,0,good,1.22846e+09
4,1331.8,487.8,0,Krishna,1.22846e+09
4,1330.2,489.4,0,Krishna,1.22846e+09
4,1327.6,491.1,0,Krishna,1.22846e+09
4,1328.1,490.4,0,Krishna,1.22846e+09
4,1324,493.4,0,Krishna,1.22846e+09
4,1323.7,483.1,0,Krishna,1.22846e+09
4,1330.9,486.3,0,Krishna,1.22846e+09
4,1394.2,497.7,0,temple.,1.22846e+09
4,1394.2,497.7,0,temple.,1.22846e+09
4,1417.4,499.1,0,temple.,1.22846e+09
4,1017.6,496.4,0,week,1.22846e+09
4,438,566.2,0,much,1.22846e+09
4,541.1,562.3,0,what,1.22846e+09
4,541.1,562.3,0,what,1.22846e+09
4,543.1,561.4,0,what,1.22846e+09
4,664.3,561.5,0,stumbled,1.22846e+09
4,659.8,562.2,0,stumbled,1.22846e+09
4,656.4,561.5,0,stumbled,1.22846e+09
4,846.7,562.4,0,by,1.22846e+09
4,942.2,577.9,0,following,1.22847e+09
4,967.2,561.9,0,following,1.22847e+09
4,1138.7,570,0,curiosity,1.22847e+09
4,1138.7,570,0,curiosity,1.22847e+09
4,1135.3,568,0,curiosity,1.22847e+09
4,1134.8,568.5,0,curiosity,1.22847e+09
4,1137.8,571.8,0,curiosity,1.22847e+09
4,1139,562.8,0,curiosity,1.22847e+09
4,1321.7,565.8,0,intuition,1.22847e+09
4,1353.4,561.8,0,intuition,1.22847e+09
4,1456.9,574.5,0,turned,1.22847e+09
4,1493.4,573.1,0,turned,1.22847e+09
4,1502.6,572.4,0,turned,1.22847e+09
4,1503.6,577.1,0,turned,1.22847e+09
4,1501.8,574.6,0,turned,1.22847e+09
4,1504.5,578.3,0,turned,1.22847e+09
4,276.6,653.3,0,to,1.22847e+09
4,274.7,652.3,0,to,1.22847e+09
4,271.1,647.7,0,to,1.22847e+09
4,270.8,646.9,0,to,1.22847e+09
4,270.8,646.9,0,to,1.22847e+09
4,265.4,642.4,0,to,1.22847e+09
4,267.2,645.4,0,to,1.22847e+09
4,269.4,652.7,0,to,1.22847e+09
4,266.2,654.6,0,to,1.22847e+09
4,264,656.8,0,to,1.22847e+09
4,261.1,653.9,0,to,1.22847e+09
4,271.2,655.7,0,to,1.22847e+09
4,313.7,658,0,be,1.22847e+09
4,368.8,658.3,0,priceless,1.22847e+09
4,373.4,658.4,0,priceless,1.22847e+09
4,385,658.3,0,priceless,1.22847e+09
4,393.6,641,0,priceless,1.22847e+09
4,546.4,643,0,later,1.22847e+09
4,542.1,645.6,0,later,1.22847e+09
4,546.9,648.6,0,later,1.22847e+09
4,761,649.6,0,give,1.22847e+09
4,768.3,641.6,0,give,1.22847e+09
4,769.3,642.7,0,give,1.22847e+09
4,831,642,0,you,1.22847e+09
4,831,642,0,you,1.22847e+09
4,831,642,0,you,1.22847e+09
4,912.7,648.9,0,one,1.22847e+09
4,1213.9,643.6,0,College,1.22847e+09
4,1336.4,659.8,0,that,1.22847e+09
4,1340.8,659.7,0,that,1.22847e+09
4,1419.4,642.2,0,time,1.22847e+09
4,1405.6,646.9,0,time,1.22847e+09
4,1431.5,644.7,0,time,1.22847e+09
4,1485.7,646.7,0,offered,1.22847e+09
4,1527.8,654.3,0,offered,1.22847e+09
4,1529.1,648.8,0,offered,1.22847e+09
4,1527.8,649.2,0,offered,1.22847e+09
4,1527.8,649.2,0,offered,1.22847e+09
4,1526.6,650.7,0,offered,1.22847e+09
4,1524.9,655.4,0,offered,1.22847e+09
4,1522.9,656.4,0,offered,1.22847e+09
4,1518.1,648.6,0,offered,1.22847e+09
4,1519,648,0,offered,1.22847e+09
4,1523.7,649.9,0,offered,1.22847e+09
4,1523.7,649.9,0,offered,1.22847e+09
4,1523.9,652.9,0,offered,1.22847e+09
4,1522.2,658.3,0,offered,1.22847e+09
4,1525.9,655.7,0,offered,1.22847e+09
4,1525.9,655.7,0,offered,1.22847e+09
4,398.2,726.1,0,best,1.22847e+09
4,404.6,723.8,0,best,1.22847e+09
4,402.3,721.7,0,best,1.22847e+09
4,456.9,725.1,0,calligraphy,1.22847e+09
4,456.9,725.1,0,calligraphy,1.22847e+09
4,482.5,725.4,0,calligraphy,1.22847e+09
4,484.7,723.6,0,calligraphy,1.22847e+09
4,484.7,723.6,0,calligraphy,1.22847e+09
4,529.8,721.1,0,calligraphy,1.22847e+09
4,530.5,722.1,0,calligraphy,1.22847e+09
4,529.6,723.9,0,calligraphy,1.22847e+09
4,529.6,723.9,0,calligraphy,1.22847e+09
4,731.3,728.4,0,instruction,1.22847e+09
4,729.6,723.5,0,instruction,1.22847e+09
4,828.2,733.6,0,in,1.22847e+09
4,945.8,721.4,0,country.,1.22847e+09
4,1334.4,723.1,0,campus,1.22847e+09
4,1334.3,723.7,0,campus,1.22847e+09
4,1498.7,726.7,0,poster,,1.22847e+09
4,1496.5,725.2,0,poster,,1.22847e+09
4,1506.5,723.7,0,poster,,1.22847e+09
4,1535.8,726.7,0,poster,,1.22847e+09
4,1535,725.8,0,poster,,1.22847e+09
4,245.3,801.1,0,every,1.22847e+09
4,245.3,801.1,0,every,1.22847e+09
4,245.3,801.1,0,every,1.22847e+09
4,463.6,802.4,0,every,1.22847e+09
4,466.8,807,0,every,1.22847e+09
4,951.8,804.4,0,calligraphed.,1.22847e+09
4,1021.2,801.7,0,calligraphed.,1.22847e+09
4,1034.2,805.7,0,calligraphed.,1.22847e+09
4,1048.1,816.3,0,calligraphed.,1.22847e+09
4,1179.2,806.6,0,Because,1.22847e+09
4,1185.5,812.7,0,Because,1.22847e+09
4,1180.2,810,0,Because,1.22847e+09
4,1183.9,807.6,0,Because,1.22847e+09
4,1183.9,807.6,0,Because,1.22847e+09
4,1218.4,809.9,0,Because,1.22847e+09
4,1372,808.7,0,dropped,1.22847e+09
4,1372,808.7,0,dropped,1.22847e+09
4,1371.7,813.7,0,dropped,1.22847e+09
4,1376.6,812.9,0,dropped,1.22847e+09
4,1379.9,812.6,0,dropped,1.22847e+09
4,1381.1,809.2,0,dropped,1.22847e+09
4,1386.8,809.5,0,dropped,1.22847e+09
4,1386.8,809.5,0,dropped,1.22847e+09
4,1389.5,804,0,dropped,1.22847e+09
4,1377.9,807.7,0,dropped,1.22847e+09
5,381,413.5,0,have,1.22847e+09
5,381,413.5,0,have,1.22847e+09
5,274.5,417.8,0,didn't,1.22847e+09
5,275.2,418.3,0,didn't,1.22847e+09
5,280.7,418.3,0,didn't,1.22847e+09
5,295.5,417.2,0,didn't,1.22847e+09
5,295.5,417.2,0,didn't,1.22847e+09
5,308.2,416.3,0,didn't,1.22847e+09
5,307.5,416.7,0,didn't,1.22847e+09
5,523.2,414.9,0,take,1.22848e+09
5,524.9,407.6,0,take,1.22848e+09
5,623.4,410.3,0,normal,1.22848e+09
5,646.6,403.5,0,normal,1.22848e+09
5,796.6,403.2,0,classes,,1.22848e+09
5,909.2,401.6,0,decided,1.22848e+09
5,1172.7,409.3,0,calligraphy,1.22848e+09
5,1190.5,407.7,0,calligraphy,1.22848e+09
5,1190.5,407.7,0,calligraphy,1.22848e+09
5,1206.2,408.1,0,calligraphy,1.22848e+09
5,1209.3,411.5,0,calligraphy,1.22848e+09
5,1213.6,415,0,calligraphy,1.22848e+09
5,1214,411.5,0,calligraphy,1.22848e+09
5,1223.4,409,0,calligraphy,1.22848e+09
5,1223.4,409,0,calligraphy,1.22848e+09
5,1253.2,407.7,0,calligraphy,1.22848e+09
5,1251.9,408.9,0,calligraphy,1.22848e+09
5,1362.4,410.8,0,class,1.22848e+09
5,1385,408.5,0,class,1.22848e+09
5,1386.5,412.5,0,class,1.22848e+09
5,1515.1,408,0,learn,1.22848e+09
5,213.2,495.4,0,how,1.22848e+09
5,204.2,492.9,0,how,1.22848e+09
5,204.2,492.9,0,how,1.22848e+09
5,208.7,497.7,0,how,1.22848e+09
5,316.3,488.2,0,do,1.22848e+09
5,321.7,488.5,0,do,1.22848e+09
5,323.3,482.9,0,do,1.22848e+09
5,322,482.7,0,do,1.22848e+09
5,323.3,481.4,0,do,1.22848e+09
5,323.3,481.4,0,do,1.22848e+09
5,323.3,481.4,0,do,1.22848e+09
5,323.3,481.4,0,do,1.22848e+09
5,520.7,493.8,0,learned,1.22848e+09
5,513.5,491.7,0,learned,1.22848e+09
5,514.5,490.4,0,learned,1.22848e+09
5,513.3,491.5,0,learned,1.22848e+09
5,510.8,491.7,0,learned,1.22848e+09
5,506.7,491.9,0,learned,1.22848e+09
5,502.9,493.4,0,learned,1.22848e+09
5,499.7,496.1,0,learned,1.22848e+09
5,499.7,496.1,0,learned,1.22848e+09
5,513.5,498.6,0,learned,1.22848e+09
5,602.5,491.3,0,about,1.22848e+09
5,615.5,492.6,0,about,1.22848e+09
5,624.8,492.5,0,about,1.22848e+09
5,624.8,492.5,0,about,1.22848e+09
5,634.5,490.1,0,about,1.22848e+09
5,637.7,487.6,0,about,1.22848e+09
5,637.7,487.6,0,about,1.22848e+09
5,780.1,499.7,0,and,1.22848e+09
5,780.1,499.7,0,and,1.22848e+09
5,784,496,0,and,1.22848e+09
5,784.1,495.3,0,and,1.22848e+09
5,780.8,484,0,and,1.22848e+09
5,943,495.3,0,serif,1.22848e+09
5,1263.7,488.4,0,varying,1.22848e+09
5,1287.6,485.1,0,varying,1.22848e+09
5,1309,483.9,0,varying,1.22848e+09
5,1309,483.9,0,varying,1.22848e+09
5,1314.1,484.6,0,varying,1.22848e+09
5,1309.9,486.7,0,varying,1.22848e+09
5,1473.1,493.2,0,amount,1.22848e+09
5,205,567.6,0,of,1.22848e+09
5,206.6,575.1,0,of,1.22848e+09
5,208.1,577.9,0,of,1.22848e+09
5,360.5,561.5,0,between,1.22848e+09
5,386.7,566.9,0,between,1.22848e+09
5,390.8,567.7,0,between,1.22848e+09
5,395.8,567.7,0,between,1.22848e+09
5,396.8,568.8,0,between,1.22848e+09
5,404.5,575.3,0,between,1.22848e+09
5,402.5,574.6,0,between,1.22848e+09
5,403.2,575.3,0,between,1.22848e+09
5,456.5,570.2,0,different,1.22848e+09
5,475.8,568.2,0,different,1.22848e+09
5,480.5,562.9,0,different,1.22848e+09
5,1485.2,564.4,0,great.,1.22848e+09
5,1485.2,564.4,0,great.,1.22848e+09
5,1439.9,565.6,0,great.,1.22848e+09
5,781.6,572.8,0,combinations,,1.22848e+09
5,781.6,572.8,0,combinations,,1.22848e+09
5,258.6,655.9,0,was,1.22848e+09
5,322,646,0,beautiful,,1.22848e+09
5,322,646,0,beautiful,,1.22848e+09
5,1198.9,649.4,0,science,1.22849e+09
5,1205.8,642.9,0,science,1.22849e+09
5,1213.4,642.3,0,science,1.22849e+09
5,1213.4,642.3,0,science,1.22849e+09
5,1213.4,642.3,0,science,1.22849e+09
5,1222.4,642.1,0,science,1.22849e+09
5,1225.7,641.5,0,science,1.22849e+09
5,1286.4,646.1,0,can't,1.22849e+09
5,1326.8,641.8,0,can't,1.22849e+09
5,1441.4,645.1,0,capture,,1.22849e+09
5,1422,654.3,0,capture,,1.22849e+09
5,381,723.2,0,fascinating.,1.22849e+09
5,1298.2,722.3,0,application,1.22849e+09
5,1295.4,721,0,application,1.22849e+09
5,1304.1,734.7,0,application,1.22849e+09
5,1316.2,734,0,application,1.22849e+09
5,1335.8,736.9,0,application,1.22849e+09
5,1443,737.7,0,in,1.22849e+09
5,1479.6,723.1,0,my,1.22849e+09
5,1479.6,723.1,0,my,1.22849e+09
5,1491.2,722.8,0,my,1.22849e+09
5,202.5,805.1,0,But,1.22849e+09
5,204.1,809.3,0,But,1.22849e+09
5,206.2,814.2,0,But,1.22849e+09
5,216.9,807.4,0,But,1.22849e+09
5,217,809.2,0,But,1.22849e+09
5,211,811.1,0,But,1.22849e+09
5,209.5,812.2,0,But,1.22849e+09
5,202.1,810.6,0,But,1.22849e+09
5,202.1,810.6,0,But,1.22849e+09
5,411,801.7,0,later,,1.22849e+09
5,415.6,802.5,0,later,,1.22849e+09
5,447.5,805.9,0,later,,1.22849e+09
5,505.8,802.2,0,when,1.22849e+09
5,866.2,804.3,0,the,1.22849e+09
5,921.9,804,0,first,1.22849e+09
5,1304.1,818,0,it,1.22849e+09
5,1306.6,819,0,it,1.22849e+09
5,1477.7,807.1,0,back,1.22849e+09
5,1479.3,803.6,0,back,1.22849e+09
5,1429.4,818.6,0,came,1.22849e+09
5,1425,812.2,0,came,1.22849e+09
5,1413.8,812.2,0,came,1.22849e+09
5,1407.6,815.3,0,came,1.22849e+09
