page,x,y,word,word_index,timestamp
0,1920,0,0,,0
0,680.5,372.4,0,,3.00284e+06
0,680.5,372.4,0,,3.00284e+06
0,680.1,374.4,0,,3.00285e+06
0,688.5,377.1,0,,3.00287e+06
0,688.5,377.1,0,,3.00287e+06
0,686.2,372.7,0,,3.0029e+06
0,682.7,369,0,,3.00291e+06
0,684,365.3,0,,3.00294e+06
0,681.7,362.2,0,,3.00296e+06
0,661.8,342.2,0,,3.00297e+06
0,630.5,324.3,0,,3.00299e+06
0,559.6,271.6,0,,3.003e+06
0,293.4,8.1,0,,3.00302e+06
0,293.4,8.1,0,,3.00302e+06
0,365.5,89.9,0,,3.00305e+06
0,258.5,5.7,0,,3.00312e+06
0,258.5,5.7,0,,3.00312e+06
0,255.3,-4.5,0,,3.00314e+06
0,247,-11.7,0,,3.00316e+06
0,184.6,-17.9,0,,3.00317e+06
0,184.6,-17.9,0,,3.00317e+06
0,82.8,-43.3,0,,3.0032e+06
0,39.9,-49.6,0,,3.00321e+06
0,-27.6,-55.8,0,,3.00324e+06
0,-106.3,-39.8,0,,3.00326e+06
0,-106.3,-39.8,0,,3.00326e+06
0,-56.8,-31.5,0,,3.00329e+06
0,-45.1,-30,0,,3.0033e+06
0,-45.1,-30,0,,3.0033e+06
0,-45.1,-30,0,,3.0033e+06
0,-125.5,-7.6,0,,3.00335e+06
0,-132.6,-32.1,0,,3.00338e+06
0,-123.8,-11.7,0,,3.00339e+06
0,-124.9,-16.5,0,,3.00341e+06
0,-124.9,-16.5,0,,3.00341e+06
0,-122,-8.5,0,,3.00344e+06
0,-122,-8.5,0,,3.00344e+06
0,-122,-8.5,0,,3.00344e+06
0,-122,-8.5,0,,3.00344e+06
0,-122,-8.5,0,,3.00344e+06
0,-146.6,-69.7,0,,3.00353e+06
0,-146.6,-69.7,0,,3.00353e+06
0,-114.2,70.9,0,,3.00356e+06
0,-99.9,97.2,0,,3.00357e+06
0,-99.9,97.2,0,,3.00357e+06
0,-96.8,108.3,0,,3.00360e+06
0,-103.7,87.1,0,,3.00362e+06
0,-103.7,87.1,0,,3.00362e+06
0,-121.6,90.4,0,,3.00366e+06
0,-121.6,90.4,0,,3.00366e+06
0,-125,100.1,0,,3.00369e+06
0,-123.3,104.1,0,,3.00371e+06
0,-123.3,104.1,0,,3.00371e+06
0,-109.9,123.3,0,,3.00374e+06
0,-104.1,128.5,0,,3.00375e+06
0,-104.1,128.5,0,,3.00375e+06
0,-104.1,128.5,0,,3.00375e+06
0,-98.2,131.6,0,,3.00380e+06
0,-98.2,131.6,0,,3.00380e+06
0,-93.1,140.4,0,,3.00384e+06
0,-74.4,146.5,0,,3.00386e+06
0,7.69995,107.7,0,,3.00388e+06
0,-15.5,104.4,0,,3.00389e+06
0,191.7,102.5,0,,3.00391e+06
0,308,86.4,0,,3.00392e+06
0,308,86.4,0,,3.00392e+06
0,391.9,87.1,0,,3.00396e+06
0,397.6,87.3,0,,3.00398e+06
0,388.4,118.1,0,,3.00399e+06
0,393.2,91.4,0,,3.00401e+06
0,395.1,104.5,0,,3.00402e+06
0,403.3,84.4,0,,3.00404e+06
0,403.3,84.4,0,,3.00404e+06
0,403.3,84.4,0,,3.00404e+06
0,403.3,84.4,0,,3.00404e+06
0,403.3,84.4,0,,3.00404e+06
0,403.3,84.4,0,,3.00404e+06
0,406.3,126.8,0,,3.00415e+06
0,406.3,126.8,0,,3.00415e+06
0,403,57.7,0,,3.00417e+06
0,403,57.7,0,,3.00417e+06
0,403,57.7,0,,3.0042e+06
0,62.9,-56.8,0,,3.00422e+06
0,62.9,-56.8,0,,3.00422e+06
0,-166.8,-5.6,0,,3.00426e+06
0,-160.3,-3.8,0,,3.00427e+06
0,-86.6,100.7,0,,3.00429e+06
0,-70.4,126.1,0,,3.00431e+06
0,-76.1,136.7,0,,3.00433e+06
0,-62,155.7,0,,3.00434e+06
0,-48,160.3,0,,3.00436e+06
0,-73.8,151.8,0,,3.00437e+06
0,-73.8,151.8,0,,3.00437e+06
0,-73.8,151.8,0,,3.00437e+06
0,-47.5,160.4,0,,3.00442e+06
0,-47.5,160.4,0,,3.00442e+06
0,45.3,195.5,0,,3.00446e+06
0,284.2,306.6,0,,3.00447e+06
0,348.4,347.4,0,,3.00449e+06
0,347.9,345.7,0,,3.0045e+06
0,321.5,342.1,0,,3.00452e+06
0,321.5,342.1,0,,3.00452e+06
0,732.4,588.8,0,,3.00456e+06
0,725.2,566.4,0,,3.00458e+06
0,702.1,510.4,0,,3.0046e+06
0,694.4,480.7,0,,3.00461e+06
0,683.6,454,0,,3.00462e+06
0,681.7,441.2,0,,3.00464e+06
0,672,407.3,0,,3.00465e+06
0,657.9,351.8,0,,3.00474e+06
0,657.9,351.8,0,,3.00474e+06
0,658.8,357.5,0,,3.00476e+06
0,660.3,359.3,0,,3.00478e+06
0,660.7,351.4,0,,3.00479e+06
0,661.7,353,0,,3.00481e+06
0,661.7,355.6,0,,3.00483e+06
0,661.7,355.6,0,,3.00483e+06
0,658.6,355.7,0,,3.00485e+06
0,656.8,349.6,0,,3.00487e+06
0,658.6,352.3,0,,3.0049e+06
0,658.8,352.7,0,,3.00491e+06
0,659.3,351.1,0,,3.00492e+06
0,661.5,345.6,0,,3.00494e+06
0,659.1,344.3,0,,3.00496e+06
0,654,340.4,0,,3.00497e+06
0,654,340.4,0,,3.00497e+06
0,567.9,292.9,0,,3.005e+06
0,464.4,295.8,0,,3.00503e+06
0,459.8,274.2,0,,3.00504e+06
0,483.4,275,0,,3.00506e+06
0,106.2,70.3,0,,3.00507e+06
0,26,-10.3,0,,3.00509e+06
0,-6.80005,-6.7,0,,3.0051e+06
0,-31.5,-13.1,0,,3.00512e+06
0,-119.5,-37,0,,3.00515e+06
0,-93.5,-30.7,0,,3.00516e+06
0,-123.1,-72.1,0,,3.00518e+06
0,-155.8,-80.2,0,,3.00519e+06
0,-155.8,-80.2,0,,3.00519e+06
0,-146.6,-61.3,0,,3.00522e+06
0,-157.8,-61,0,,3.00525e+06
0,-157.8,-61,0,,3.00525e+06
0,-175.4,-21.9,0,,3.00528e+06
0,-175.4,-21.9,0,,3.00528e+06
0,-175.4,-21.9,0,,3.00528e+06
0,-158.6,73.3,0,,3.00533e+06
0,-158.6,73.3,0,,3.00533e+06
0,-151.7,148,0,,3.00536e+06
0,-151.7,148,0,,3.00536e+06
0,-151.7,148,0,,3.00536e+06
0,-166.4,126.1,0,,3.0054e+06
0,-167.9,59.7,0,,3.00542e+06
0,-167.9,59.7,0,,3.00542e+06
0,-177.4,66.2,0,,3.00547e+06
0,-177.4,66.2,0,,3.00547e+06
0,-172.6,41.6,0,,3.0055e+06
0,-164.8,56,0,,3.00551e+06
0,-164.8,56,0,,3.00551e+06
0,-164.1,61.8,0,,3.00554e+06
0,-163.7,60.9,0,,3.00556e+06
0,-163.7,60.9,0,,3.00556e+06
0,-163.7,60.9,0,,3.00556e+06
0,-148.9,83.4,0,,3.00560e+06
0,-143.4,90.2,0,,3.00563e+06
0,-143.4,90.2,0,,3.00563e+06
0,-143.4,90,0,,3.00565e+06
0,-143.4,90,0,,3.00565e+06
0,-143.4,90,0,,3.00565e+06
0,-143.4,90,0,,3.00565e+06
0,-143.4,90,0,,3.00565e+06
0,-143.4,90,0,,3.00565e+06
0,-38.5,232.6,0,,3.00576e+06
0,-38.5,232.6,0,,3.00576e+06
0,-38.5,232.6,0,,3.00576e+06
0,-38.5,232.6,0,,3.00576e+06
0,-38.5,232.6,0,,3.00576e+06
0,-38.5,232.6,0,,3.00576e+06
0,-38.5,232.6,0,,3.00576e+06
0,-38.5,232.6,0,,3.00576e+06
0,-38.5,232.6,0,,3.00576e+06
0,-38.5,232.6,0,,3.00576e+06
0,-38.5,232.6,0,,3.00576e+06
0,-38.5,232.6,0,,3.00576e+06
0,-38.5,232.6,0,,3.00576e+06
0,-38.5,232.6,0,,3.00576e+06
0,-147.5,151.3,0,,3.00599e+06
0,-83.4,184.2,0,,3.006e+06
0,-83.4,184.2,0,,3.006e+06
0,-89,195.8,0,,3.00605e+06
0,-93.1,171.9,0,,3.00606e+06
0,-106,146.5,0,,3.00608e+06
0,-111.6,115.9,0,,3.00609e+06
0,-111.6,115.9,0,,3.00609e+06
0,-190.9,19.3,0,,3.00612e+06
0,-195.9,15.9,0,,3.00614e+06
0,-195.9,15.9,0,,3.00614e+06
0,-190.3,51,0,,3.00617e+06
0,-190.3,51,0,,3.00617e+06
0,-174.3,100.8,0,,3.00621e+06
0,-121.2,154.4,0,,3.00623e+06
0,-62.4,174.9,0,,3.00624e+06
0,146.1,237.2,0,,3.00626e+06
0,208.2,252.2,0,,3.00627e+06
0,283.9,285.3,0,,3.00629e+06
0,310.8,300.8,0,,3.00632e+06
0,310.8,300.8,0,,3.00632e+06
0,577.7,389.3,0,,3.00635e+06
0,552.9,304.5,0,,3.00636e+06
0,574.1,355.5,0,,3.00638e+06
0,570.1,334.2,0,,3.00639e+06
0,575.1,319.6,0,,3.00641e+06
0,603.3,306.4,0,,3.00642e+06
0,602.7,309.5,0,,3.00645e+06
0,602.7,309.5,0,,3.00645e+06
0,614.5,316.8,0,,3.00647e+06
0,621.4,319.1,0,,3.0065e+06
0,622.5,319.7,0,,3.00651e+06
0,622.6,319.3,0,,3.00653e+06
0,622.7,317.8,0,,3.00654e+06
0,628.1,321.2,0,,3.00656e+06
0,624.7,332.8,0,,3.00657e+06
0,628,331.4,0,,3.00659e+06
0,634.1,336.7,0,,3.0066e+06
0,633.6,336.8,0,,3.00662e+06
0,638.2,337.7,0,,3.00665e+06
0,637.9,339.8,0,,3.00666e+06
0,654.3,354.5,0,,3.00668e+06
0,651.2,349.5,0,,3.00669e+06
0,660.4,360.8,0,,3.00671e+06
0,662.8,364.3,0,,3.00673e+06
0,666.2,373.9,0,,3.00674e+06
0,667.4,373.3,0,,3.00676e+06
0,666,372.4,0,,3.00677e+06
0,666,372.4,0,,3.00677e+06
0,667.3,375.2,0,,3.00681e+06
0,661.2,370.3,0,,3.00683e+06
0,651.9,414.8,0,,3.00685e+06
0,641.3,429.3,0,,3.00686e+06
0,528.7,555.3,0,,3.00688e+06
0,462.8,613.7,0,,3.00689e+06
0,391.1,686.6,0,,3.0069e+06
0,332.6,734.1,0,,3.00692e+06
0,332.6,734.1,0,,3.00692e+06
0,106.3,950.8,0,,3.00697e+06
0,107.1,950.5,0,,3.00698e+06
0,105,950.6,0,,3.00699e+06
0,96.5,946.6,0,,3.00701e+06
0,90.8,948.7,0,,3.00703e+06
0,93,948.4,0,,3.00704e+06
0,106.6,950.1,0,,3.00706e+06
0,106.8,950.7,0,,3.00707e+06
0,106.8,950.7,0,,3.00707e+06
0,42.1,997.8,0,,3.00712e+06
0,56,993.9,0,,3.00713e+06
0,22.8,1041.4,0,,3.00715e+06
0,7.80005,1049.8,0,,3.00716e+06
0,-33.4,1061.5,0,,3.00718e+06
0,-59.4,1064.2,0,,3.00719e+06
0,-55.1,1063.7,0,,3.00721e+06
0,-54.2,1063,0,,3.00723e+06
0,-54.2,1063,0,,3.00723e+06
0,-3.19995,1021.5,0,,3.00726e+06
0,-5.5,1029.1,0,,3.00727e+06
0,-5.5,1029.1,0,,3.00727e+06
0,-5.5,1029.1,0,,3.00727e+06
0,-5.5,1029.1,0,,3.00727e+06
0,-5.5,1029.1,0,,3.00727e+06
0,-5.5,1029.1,0,,3.00727e+06
0,-5.5,1029.1,0,,3.00727e+06
0,-36.1,76.4,0,,3.0074e+06
0,-36.1,76.4,0,,3.00741e+06
0,-30,28.9,0,,3.00743e+06
0,-20.6,-52.8,0,,3.00744e+06
0,-20.6,-52.8,0,,3.00744e+06
0,-22.3,-45.7,0,,3.00748e+06
0,-23,-46.8,0,,3.00749e+06
0,-23,-46.8,0,,3.00749e+06
0,1.80005,-1.9,0,,3.00752e+06
0,43.1,19.4,0,,3.00755e+06
0,35.6,24.2,0,,3.00756e+06
0,23.7,18,0,,3.00758e+06
0,23.7,18,0,,3.00758e+06
0,-90.4,63.8,0,,3.00761e+06
0,-92.1,68.1,0,,3.00762e+06
0,-78.3,68.1,0,,3.00764e+06
0,-85.5,88.3,0,,3.00767e+06
0,-85.5,88.3,0,,3.00767e+06
0,-83.7,102,0,,3.0077e+06
0,-85.8,100.4,0,,3.00771e+06
0,-85.8,100.4,0,,3.00771e+06
0,-89.2,136.9,0,,3.00774e+06
0,-83.6,125.6,0,,3.00776e+06
0,-83.6,125.6,0,,3.00776e+06
0,-70.1,197.6,0,,3.0078e+06
0,-70.1,197.6,0,,3.0078e+06
0,-41.1,175.7,0,,3.00782e+06
0,-41.1,175.7,0,,3.00782e+06
0,-41.1,175.7,0,,3.00782e+06
0,217.5,312.1,0,,3.00788e+06
0,379.1,403.7,0,,3.00789e+06
0,556.1,501.1,0,,3.00791e+06
0,679.9,529.4,0,,3.00794e+06
0,679.9,529.4,0,,3.00794e+06
0,664.6,483.4,0,,3.00797e+06
0,664.6,483.4,0,,3.00797e+06
0,652.5,431.6,0,,3.008e+06
0,646.7,415.8,0,,3.00801e+06
0,656.1,412.8,0,,3.00803e+06
0,678.7,394.7,0,,3.00805e+06
0,767.4,345.7,0,,3.00806e+06
0,820.2,317.3,0,,3.00808e+06
0,1248.5,78.5,0,,3.00809e+06
0,1592.4,-48.8,0,,3.00812e+06
0,1592.4,-48.8,0,,3.00812e+06
0,1681.3,-93,0,,3.00815e+06
0,1657.6,-84.8,0,,3.00816e+06
0,1732.9,-85,0,,3.00818e+06
0,1755.6,-84,0,,3.0082e+06
0,1751.1,-81,0,,3.00821e+06
0,1735.9,-88.5,0,,3.00822e+06
0,1782.2,-84.6,0,,3.00825e+06
0,1762.4,-80.2,0,,3.00827e+06
0,1762.4,-80.2,0,,3.00827e+06
0,1749.5,-84.9,0,,3.0083e+06
0,1761.2,-72.2,0,,3.00831e+06
0,1761.2,-72.2,0,,3.00831e+06
0,1860.4,-79.5,0,,3.00834e+06
0,1917.4,-60.7,0,,3.00836e+06
0,1987.4,-45.1,0,,3.00839e+06
0,1987.4,-45.1,0,,3.00839e+06
0,1996.2,-37,0,,3.0084e+06
0,1996.2,-37,0,,3.0084e+06
0,1996.2,-37,0,,3.0084e+06
0,2034.6,-24.7,0,,3.00846e+06
0,2033.2,-23.1,0,,3.00848e+06
0,2042.6,-11.2,0,,3.0085e+06
0,2042.6,-11.2,0,,3.0085e+06
0,2039.4,19.2,0,,3.00852e+06
0,2040.6,12.7,0,,3.00854e+06
0,2029.3,-7.9,0,,3.00857e+06
0,2029.3,-7.9,0,,3.00857e+06
0,2029.3,-7.9,0,,3.00857e+06
0,1999.3,34.6,0,,3.00861e+06
0,1999.8,32.5,0,,3.00863e+06
0,1999.8,32.5,0,,3.00863e+06
0,1800.6,54.3,0,,3.00866e+06
0,1693.1,57.2,0,,3.00868e+06
0,1719.9,4.5,0,,3.0087e+06
0,1708.9,7.8,0,,3.00871e+06
0,1684.6,39.7,0,,3.00873e+06
0,1701.7,31.3,0,,3.00875e+06
0,1679.6,32.8,0,,3.00877e+06
0,1679.6,32.8,0,,3.00877e+06
0,1705.6,35.7,0,,3.0088e+06
0,1685,38.1,0,,3.00881e+06
0,1667.8,45.6,0,,3.00882e+06
0,1611,70.6,0,,3.00885e+06
0,1595.7,87,0,,3.00887e+06
0,1595.7,87,0,,3.00887e+06
0,907.6,552.7,0,,3.0089e+06
0,707.9,673.8,0,,3.00892e+06
0,670.3,703.1,0,,3.00893e+06
0,597.2,740.9,0,,3.00894e+06
0,579.9,736.5,0,,3.00896e+06
0,570,721.7,0,,3.00897e+06
0,563.7,709.6,0,,3.009e+06
0,562.6,713.2,0,,3.00902e+06
0,562.6,713.2,0,,3.00902e+06
0,561.1,706.1,0,,3.00905e+06
0,558.6,713.1,0,,3.00906e+06
0,559.6,714.7,0,,3.00908e+06
0,556.1,720.7,0,,3.00909e+06
0,549.9,712.9,0,,3.00911e+06
0,546.8,696.2,0,,3.00914e+06
0,546,700.7,0,,3.00915e+06
0,564.7,683.1,0,,3.00917e+06
0,564.7,683.1,0,,3.00917e+06
0,697.2,562.5,0,,3.0092e+06
0,752.3,509.8,0,,3.00921e+06
0,845.3,424.7,0,,3.00923e+06
0,859.5,411.8,0,,3.00924e+06
0,940.8,336.7,0,,3.00926e+06
0,937.5,346.5,0,,3.00929e+06
0,933.4,354.3,0,,3.0093e+06
0,933.4,354.3,0,,3.0093e+06
0,939,349.7,0,,3.00933e+06
0,939,349.7,0,,3.00933e+06
0,943.5,367.6,0,,3.00936e+06
0,948.1,373.1,0,,3.00938e+06
0,949,376.3,0,,3.0094e+06
0,951.7,370.2,0,,3.00941e+06
0,952,370.3,0,,3.00943e+06
0,953.4,373.7,0,,3.00944e+06
0,941.3,378,0,,3.00947e+06
0,941.3,378,0,,3.00947e+06
0,925.7,383.8,0,,3.0095e+06
0,914.4,387.2,0,,3.00951e+06
0,906.4,390.9,0,,3.00953e+06
0,898.4,394.4,0,,3.00954e+06
0,897.3,394.3,0,,3.00956e+06
0,869,402.4,0,,3.00958e+06
0,866.8,408,0,,3.0096e+06
0,865,406.9,0,,3.00962e+06
0,865,406.9,0,,3.00962e+06
0,853.2,416.3,0,,3.00965e+06
0,853.1,417.7,0,,3.00966e+06
0,844.3,426.9,0,,3.00968e+06
0,798.9,445.9,0,,3.00969e+06
0,799.1,446.9,0,,3.00971e+06
0,794.1,448.3,0,,3.00972e+06
0,783.9,438.1,0,,3.00974e+06
0,784.9,439.8,0,,3.00976e+06
0,789.4,444.1,0,,3.00977e+06
0,789.4,444.1,0,,3.00977e+06
0,779.6,460.9,0,,3.00981e+06
0,755.7,461.9,0,,3.00984e+06
0,744.3,467.8,0,,3.00985e+06
0,723.8,473,0,,3.00986e+06
0,688,472.3,0,,3.00989e+06
0,683,485.6,0,,3.0099e+06
0,684.1,478.9,0,,3.00992e+06
0,684.1,478.9,0,,3.00992e+06
0,684.9,474,0,,3.00995e+06
0,682.5,472.1,0,,3.00996e+06
0,677.4,471.6,0,,3.00998e+06
0,670.7,471,0,,3.00999e+06
0,641.1,458.9,0,,3.01002e+06
0,584.6,392.8,0,,3.01004e+06
0,540,355.1,0,,3.01005e+06
0,166.8,50.3,0,,3.01007e+06
0,166.8,50.3,0,,3.01007e+06
0,134.3,19.9,0,,3.0101e+06
0,70.8,-30.5,0,,3.01011e+06
0,-71.2,-90.2,0,,3.01013e+06
0,-38,-65.4,0,,3.01014e+06
0,-71.9,-61,0,,3.01016e+06
0,-112.4,-83.2,0,,3.01017e+06
0,-113.1,-81.8,0,,3.01019e+06
0,-97.5,-72.6,0,,3.01021e+06
0,-137.2,-75.8,0,,3.01022e+06
0,-124.7,-59.8,0,,3.01025e+06
0,-115.7,-59.5,0,,3.01027e+06
0,-119.7,-57.5,0,,3.01028e+06
0,-133.6,-27.7,0,,3.0103e+06
0,-201.3,-65.8,0,,3.01031e+06
0,-181.4,-24.5,0,,3.01034e+06
0,-213.9,-63.6,0,,3.01035e+06
0,-202.6,-48.8,0,,3.01037e+06
0,-202.6,-48.8,0,,3.01037e+06
0,-216.6,-62.9,0,,3.0104e+06
0,-199.9,-39.8,0,,3.01041e+06
0,-199.9,-39.8,0,,3.01041e+06
0,-166.9,12,0,,3.01046e+06
0,-166.9,12,0,,3.01046e+06
0,-191.7,-14.2,0,,3.01049e+06
0,-153.3,19.5,0,,3.0105e+06
0,-153.3,19.5,0,,3.0105e+06
0,-153.3,19.5,0,,3.0105e+06
0,-186.5,-19.2,0,,3.01055e+06
0,-186.5,-19.2,0,,3.01055e+06
0,-218.5,-67.9,0,,3.01058e+06
0,-206.7,-53.6,0,,3.01059e+06
0,-213.9,-61.4,0,,3.01061e+06
0,-120.3,-31.9,0,,3.01063e+06
0,-96.5,-24.7,0,,3.01064e+06
0,98.8,21.2,0,,3.01067e+06
0,98.8,21.2,0,,3.01067e+06
0,382.2,66.9,0,,3.0107e+06
0,485.3,92,0,,3.01072e+06
0,600.3,111,0,,3.01073e+06
0,1104.8,189.2,0,,3.01074e+06
0,1353.1,226.2,0,,3.01077e+06
0,1489.8,243.5,0,,3.01079e+06
0,1497.7,241.4,0,,3.0108e+06
0,1517.5,238.5,0,,3.01082e+06
0,1517.5,238.5,0,,3.01082e+06
0,1536.3,239.4,0,,3.01085e+06
0,1557.4,226.6,0,,3.01086e+06
0,1885.7,100.8,0,,3.01088e+06
0,2039.2,32.1,0,,3.0109e+06
0,2053,20.1,0,,3.01091e+06
0,1934.4,62.4,0,,3.01094e+06
0,2037,20.2,0,,3.01095e+06
0,2184,-12.4,0,,3.01097e+06
0,2184,-12.4,0,,3.01097e+06
0,2184,-12.4,0,,3.01097e+06
0,2184,-12.4,0,,3.01097e+06
0,2184,-12.4,0,,3.01097e+06
0,2184,-12.4,0,,3.01097e+06
0,2184,-12.4,0,,3.01097e+06
0,2184,-12.4,0,,3.01097e+06
0,2184,-12.4,0,,3.01097e+06
0,2184,-12.4,0,,3.01097e+06
0,2184,-12.4,0,,3.01097e+06
0,2184,-12.4,0,,3.01097e+06
0,2184,-12.4,0,,3.01097e+06
0,2184,-12.4,0,,3.01097e+06
0,2184,-12.4,0,,3.01097e+06
0,2184,-12.4,0,,3.01097e+06
0,2184,-12.4,0,,3.01097e+06
0,2184,-12.4,0,,3.01097e+06
0,2184,-12.4,0,,3.01097e+06
0,2184,-12.4,0,,3.01097e+06
0,2184,-12.4,0,,3.01097e+06
0,2184,-12.4,0,,3.01097e+06
0,2184,-12.4,0,,3.01097e+06
0,2184,-12.4,0,,3.01097e+06
0,2184,-12.4,0,,3.01097e+06
0,2184,-12.4,0,,3.01097e+06
0,2184,-12.4,0,,3.01097e+06
0,2184,-12.4,0,,3.01097e+06
0,2184,-12.4,0,,3.01097e+06
0,2184,-12.4,0,,3.01097e+06
0,2184,-12.4,0,,3.01097e+06
0,2184,-12.4,0,,3.01097e+06
0,2184,-12.4,0,,3.01097e+06
0,2184,-12.4,0,,3.01097e+06
0,2184,-12.4,0,,3.01097e+06
0,2184,-12.4,0,,3.01097e+06
0,2184,-12.4,0,,3.01097e+06
0,2184,-12.4,0,,3.01097e+06
0,2184,-12.4,0,,3.01097e+06
0,2184,-12.4,0,,3.01097e+06
0,2184,-12.4,0,,3.01097e+06
0,2184,-12.4,0,,3.01097e+06
0,2184,-12.4,0,,3.01097e+06
0,2184,-12.4,0,,3.01097e+06
0,2184,-12.4,0,,3.01097e+06
0,2184,-12.4,0,,3.01097e+06
0,2184,-12.4,0,,3.01097e+06
0,2184,-12.4,0,,3.01097e+06
0,2184,-12.4,0,,3.01097e+06
0,2184,-12.4,0,,3.01097e+06
0,2184,-12.4,0,,3.01097e+06
0,2184,-12.4,0,,3.01097e+06
0,2184,-12.4,0,,3.01097e+06
0,2184,-12.4,0,,3.01097e+06
0,2184,-12.4,0,,3.01097e+06
0,2184,-12.4,0,,3.01097e+06
0,2184,-12.4,0,,3.01097e+06
0,2184,-12.4,0,,3.01097e+06
0,2184,-12.4,0,,3.01097e+06
0,2184,-12.4,0,,3.01097e+06
0,2184,-12.4,0,,3.01097e+06
0,2184,-12.4,0,,3.01097e+06
0,2184,-12.4,0,,3.01097e+06
0,2184,-12.4,0,,3.01097e+06
0,2184,-12.4,0,,3.01097e+06
0,2184,-12.4,0,,3.01097e+06
0,2184,-12.4,0,,3.01097e+06
0,2184,-12.4,0,,3.01097e+06
0,2184,-12.4,0,,3.01097e+06
0,2184,-12.4,0,,3.01097e+06
0,2184,-12.4,0,,3.01097e+06
0,2184,-12.4,0,,3.01097e+06
0,2184,-12.4,0,,3.01097e+06
0,2184,-12.4,0,,3.01097e+06
0,2184,-12.4,0,,3.01097e+06
0,2184,-12.4,0,,3.01097e+06
0,2184,-12.4,0,,3.01097e+06
0,2184,-12.4,0,,3.01097e+06
0,2184,-12.4,0,,3.01097e+06
0,2184,-12.4,0,,3.01097e+06
0,2184,-12.4,0,,3.01097e+06
0,2184,-12.4,0,,3.01097e+06
0,2184,-12.4,0,,3.01097e+06
0,2184,-12.4,0,,3.01097e+06
0,2184,-12.4,0,,3.01097e+06
0,2184,-12.4,0,,3.01097e+06
0,2184,-12.4,0,,3.01097e+06
0,2184,-12.4,0,,3.01097e+06
0,2184,-12.4,0,,3.01097e+06
0,2184,-12.4,0,,3.01097e+06
0,2184,-12.4,0,,3.01097e+06
0,2184,-12.4,0,,3.01097e+06
0,2184,-12.4,0,,3.01097e+06
0,2184,-12.4,0,,3.01097e+06
0,2184,-12.4,0,,3.01097e+06
0,2184,-12.4,0,,3.01097e+06
0,2184,-12.4,0,,3.01097e+06
0,2184,-12.4,0,,3.01097e+06
0,2184,-12.4,0,,3.01097e+06
0,2184,-12.4,0,,3.01097e+06
0,2184,-12.4,0,,3.01097e+06
0,2184,-12.4,0,,3.01097e+06
0,2184,-12.4,0,,3.01097e+06
0,2184,-12.4,0,,3.01097e+06
0,2184,-12.4,0,,3.01097e+06
0,2184,-12.4,0,,3.01097e+06
0,2184,-12.4,0,,3.01097e+06
0,2184,-12.4,0,,3.01097e+06
0,2184,-12.4,0,,3.01097e+06
0,2184,-12.4,0,,3.01097e+06
0,2184,-12.4,0,,3.01097e+06
0,2184,-12.4,0,,3.01097e+06
0,2184,-12.4,0,,3.01097e+06
0,2184,-12.4,0,,3.01097e+06
0,2184,-12.4,0,,3.01097e+06
0,2184,-12.4,0,,3.01097e+06
0,2184,-12.4,0,,3.01097e+06
0,2184,-12.4,0,,3.01097e+06
0,2184,-12.4,0,,3.01097e+06
0,2184,-12.4,0,,3.01097e+06
0,2184,-12.4,0,,3.01097e+06
0,2184,-12.4,0,,3.01097e+06
0,2184,-12.4,0,,3.01097e+06
0,2184,-12.4,0,,3.01097e+06
0,2184,-12.4,0,,3.01097e+06
0,2184,-12.4,0,,3.01097e+06
0,2184,-12.4,0,,3.01097e+06
0,2184,-12.4,0,,3.01097e+06
0,2184,-12.4,0,,3.01097e+06
0,2184,-12.4,0,,3.01097e+06
0,2184,-12.4,0,,3.01097e+06
0,2184,-12.4,0,,3.01097e+06
0,2184,-12.4,0,,3.01097e+06
0,2184,-12.4,0,,3.01097e+06
0,2184,-12.4,0,,3.01097e+06
0,2184,-12.4,0,,3.01097e+06
0,2184,-12.4,0,,3.01097e+06
0,2184,-12.4,0,,3.01097e+06
0,2184,-12.4,0,,3.01097e+06
0,2184,-12.4,0,,3.01097e+06
0,2184,-12.4,0,,3.01097e+06
0,2184,-12.4,0,,3.01097e+06
0,2184,-12.4,0,,3.01097e+06
0,2184,-12.4,0,,3.01097e+06
0,2184,-12.4,0,,3.01097e+06
0,2184,-12.4,0,,3.01097e+06
0,2184,-12.4,0,,3.01097e+06
0,2184,-12.4,0,,3.01097e+06
0,2184,-12.4,0,,3.01097e+06
0,2184,-12.4,0,,3.01097e+06
0,2184,-12.4,0,,3.01097e+06
0,2184,-12.4,0,,3.01097e+06
0,2184,-12.4,0,,3.01097e+06
0,2184,-12.4,0,,3.01097e+06
0,2184,-12.4,0,,3.01097e+06
0,2184,-12.4,0,,3.01097e+06
0,2184,-12.4,0,,3.01097e+06
0,2184,-12.4,0,,3.01097e+06
0,2184,-12.4,0,,3.01097e+06
0,2184,-12.4,0,,3.01097e+06
0,2184,-12.4,0,,3.01097e+06
0,2184,-12.4,0,,3.01097e+06
0,2184,-12.4,0,,3.01097e+06
0,2184,-12.4,0,,3.01097e+06
0,2184,-12.4,0,,3.01097e+06
0,2184,-12.4,0,,3.01097e+06
0,2184,-12.4,0,,3.01097e+06
0,2184,-12.4,0,,3.01097e+06
0,2184,-12.4,0,,3.01097e+06
0,2184,-12.4,0,,3.01097e+06
0,2184,-12.4,0,,3.01097e+06
0,2184,-12.4,0,,3.01097e+06
0,2184,-12.4,0,,3.01097e+06
0,2184,-12.4,0,,3.01097e+06
0,2184,-12.4,0,,3.01097e+06
0,2184,-12.4,0,,3.01097e+06
0,2184,-12.4,0,,3.01097e+06
0,2184,-12.4,0,,3.01097e+06
0,2184,-12.4,0,,3.01097e+06
0,2184,-12.4,0,,3.01097e+06
0,2184,-12.4,0,,3.01097e+06
0,2184,-12.4,0,,3.01097e+06
0,2184,-12.4,0,,3.01097e+06
0,2184,-12.4,0,,3.01097e+06
0,2184,-12.4,0,,3.01097e+06
0,2184,-12.4,0,,3.01097e+06
0,2184,-12.4,0,,3.01097e+06
0,2184,-12.4,0,,3.01097e+06
0,2184,-12.4,0,,3.01097e+06
0,2184,-12.4,0,,3.01097e+06
0,2184,-12.4,0,,3.01097e+06
0,2184,-12.4,0,,3.01097e+06
0,2184,-12.4,0,,3.01097e+06
0,2184,-12.4,0,,3.01097e+06
0,2184,-12.4,0,,3.01097e+06
0,2184,-12.4,0,,3.01097e+06
0,2184,-12.4,0,,3.01097e+06
0,2184,-12.4,0,,3.01097e+06
0,2184,-12.4,0,,3.01097e+06
0,2184,-12.4,0,,3.01097e+06
0,2184,-12.4,0,,3.01097e+06
0,2184,-12.4,0,,3.01097e+06
0,2184,-12.4,0,,3.01097e+06
0,2184,-12.4,0,,3.01097e+06
0,2184,-12.4,0,,3.01097e+06
0,2184,-12.4,0,,3.01097e+06
0,2184,-12.4,0,,3.01097e+06
0,2184,-12.4,0,,3.01097e+06
0,927.1,586.1,0,,3.01451e+06
0,903.1,595.3,0,,3.01453e+06
0,900,596.2,0,,3.01454e+06
0,898.4,594.7,0,,3.01455e+06
0,868.2,590,0,,3.01457e+06
0,868.2,590,0,,3.01457e+06
0,858.3,513.6,0,,3.01461e+06
0,862,497.5,0,,3.01463e+06
0,866.1,445.5,0,,3.01464e+06
0,877.1,308.8,0,,3.01466e+06
0,881.2,304.8,0,,3.01467e+06
0,882.7,307,0,,3.01468e+06
0,882.2,307.3,0,,3.0147e+06
0,883.6,305.8,0,,3.01472e+06
0,883.6,305.8,0,,3.01472e+06
0,871.7,226.2,0,,3.01476e+06
0,871.4,214.6,0,,3.01478e+06
0,870.2,204.1,0,,3.01479e+06
0,873.2,197,0,,3.01481e+06
0,876.6,175.8,0,,3.01482e+06
0,873.9,178.1,0,,3.01484e+06
0,868.5,183.6,0,,3.01485e+06
0,880.8,263.7,0,,3.01487e+06
0,880.8,263.7,0,,3.01487e+06
0,883.3,288.8,0,,3.0149e+06
0,888.3,337.5,0,,3.01493e+06
0,897.7,386.3,0,,3.01494e+06
0,891.1,386,0,,3.01496e+06
0,873.3,393.8,0,,3.01497e+06
0,872.7,389.3,0,,3.01499e+06
0,881,372.7,0,,3.015e+06
0,888.1,372.4,0,,3.01502e+06
0,888.1,372.4,0,,3.01502e+06
0,888.5,372.1,0,,3.01506e+06
0,894.8,354.4,0,,3.01507e+06
0,870.9,329.1,0,,3.0151e+06
0,860.3,276.5,0,,3.01511e+06
0,873.9,253,0,,3.01513e+06
0,873.9,253,0,,3.01515e+06
0,874.7,232.4,0,,3.01515e+06
0,884.8,195.6,0,,3.01518e+06
0,884.8,195.6,0,,3.01518e+06
0,880.3,178.5,0,,3.01521e+06
0,882.4,184.6,0,,3.01523e+06
0,889.7,207.7,0,,3.01524e+06
0,891.1,212.5,0,,3.01526e+06
0,889.7,210.1,0,,3.01527e+06
0,886.3,205.4,0,,3.01529e+06
0,885.4,203.6,0,,3.0153e+06
0,884.4,201.4,0,,3.01532e+06
0,884.4,201.4,0,,3.01532e+06
0,882.1,200.3,0,,3.01535e+06
0,882.2,201.7,0,,3.01536e+06
0,884.8,213.8,0,,3.01539e+06
0,883.9,220.7,0,,3.01541e+06
0,887.9,229.9,0,,3.01542e+06
0,896.6,241.3,0,,3.01544e+06
0,898.3,243.2,0,,3.01545e+06
0,896.7,239.9,0,,3.01547e+06
0,896.7,239.9,0,,3.01547e+06
0,892.4,247.4,0,,3.01551e+06
0,889.6,239.8,0,,3.01553e+06
0,890.1,242.2,0,,3.01554e+06
0,889.3,230.8,0,,3.01556e+06
0,891.3,224.2,0,,3.01557e+06
0,890.6,220.1,0,,3.01559e+06
0,885.6,211,0,,3.0156e+06
0,885.2,210.1,0,,3.01562e+06
0,885.2,210.1,0,,3.01562e+06
0,882,201.9,0,,3.01566e+06
0,882,201.9,0,,3.01566e+06
0,880.4,198,0,,3.01568e+06
0,880,193.4,0,,3.0157e+06
0,890.3,209.4,0,,3.01573e+06
0,898,210.4,0,,3.01574e+06
0,898.3,210,0,,3.01575e+06
0,899.5,210.1,0,,3.01577e+06
0,899.5,210.1,0,,3.01577e+06
0,906.5,222.5,0,,3.01581e+06
0,906.9,223.5,0,,3.01583e+06
0,905.9,225.5,0,,3.01584e+06
0,905.9,225.5,0,,3.01584e+06
0,905.9,225.5,0,,3.01584e+06
0,905.9,225.5,0,,3.01584e+06
0,905.9,225.5,0,,3.01584e+06
0,905.9,225.5,0,,3.01584e+06
0,905.9,225.5,0,,3.01584e+06
0,850.1,295.9,0,,3.01596e+06
0,915.1,197.6,0,,3.01598e+06
0,909.4,240,0,,3.01599e+06
0,907.6,204.6,0,,3.01601e+06
0,905.1,171.7,0,,3.01603e+06
0,904.9,158.7,0,,3.01604e+06
0,897.4,162.7,0,,3.01606e+06
0,898.8,163.9,0,,3.01607e+06
0,898.8,163.9,0,,3.01607e+06
0,906.8,167.2,0,,3.01611e+06
0,915.5,177,0,,3.01613e+06
0,911.3,176.9,0,,3.01614e+06
0,914.7,183.7,0,,3.01616e+06
0,902.7,195.6,0,,3.01617e+06
0,904.6,197.1,0,,3.01619e+06
0,905.1,197.5,0,,3.01621e+06
0,905.1,197.5,0,,3.01621e+06
0,905.1,196.3,0,,3.01622e+06
0,909.6,198.3,0,,3.01626e+06
0,913.3,196.6,0,,3.01628e+06
0,914.1,191,0,,3.01629e+06
0,915.7,188.7,0,,3.01631e+06
0,916.6,190.4,0,,3.01632e+06
0,916.3,192.5,0,,3.01634e+06
0,912.2,194.5,0,,3.01635e+06
0,907.7,199.4,0,,3.01637e+06
0,907.7,199.4,0,,3.01637e+06
0,909.5,198.7,0,,3.0164e+06
0,910.3,199,0,,3.01642e+06
0,911.1,201.9,0,,3.01645e+06
0,911.2,203.1,0,,3.01646e+06
0,911.7,203,0,,3.01648e+06
0,911.6,203.4,0,,3.01649e+06
0,912.7,206.6,0,,3.0165e+06
0,914.7,213.7,0,,3.01653e+06
0,914.7,213.7,0,,3.01653e+06
0,915.9,221.7,0,,3.01655e+06
0,916.4,225.1,0,,3.01658e+06
0,917.4,231.3,0,,3.0166e+06
0,917.4,233.9,0,,3.01661e+06
0,917.6,232,0,,3.01662e+06
0,920.2,231.4,0,,3.01665e+06
0,921,233,0,,3.01666e+06
0,919.7,230.2,0,,3.01667e+06
0,921.6,226.6,0,,3.0167e+06
0,922.4,226.1,0,,3.01671e+06
0,922.4,226.1,0,,3.01671e+06
0,918.9,233.5,0,,3.01674e+06
0,921.9,228.9,0,,3.01676e+06
0,1425.9,150.6,0,,3.01677e+06
0,1465.3,126.2,0,,3.01679e+06
0,1468.8,123.5,0,,3.0168e+06
0,1522.5,96.3,0,,3.01682e+06
0,1626.4,59.8,0,,3.01685e+06
0,1654.8,56.7,0,,3.01686e+06
0,1655,77.3,0,,3.01688e+06
0,1662.8,62.6,0,,3.01689e+06
0,1650.2,88.2,0,,3.01691e+06
0,1596.8,123.9,0,,3.01692e+06
0,1473.9,173.2,0,,3.01694e+06
0,1349.6,212.4,0,,3.01695e+06
0,1254.1,241.7,0,,3.01697e+06
0,1090.5,292.9,0,,3.017e+06
0,1032.8,302.4,0,,3.01701e+06
0,1023.6,306.9,0,,3.01703e+06
0,955.2,338.5,0,,3.01704e+06
0,966.2,337.1,0,,3.01706e+06
0,962.1,339.6,0,,3.01707e+06
0,965.4,339.2,0,,3.01709e+06
0,987,330.5,0,,3.01712e+06
0,987,330.5,0,,3.01712e+06
0,988.7,330.9,0,,3.01715e+06
0,989.1,330.6,0,,3.01716e+06
0,982.1,318.3,0,,3.01718e+06
0,975.9,303.3,0,,3.01719e+06
0,978.3,301.8,0,,3.01721e+06
0,976.1,296,0,,3.01722e+06
0,980.2,285.6,0,,3.01724e+06
0,982.1,276.5,0,,3.01725e+06
0,982.8,265.8,0,,3.01727e+06
0,983.7,256.8,0,,3.0173e+06
0,982,246.3,0,,3.01731e+06
0,981.7,244.9,0,,3.01733e+06
0,979.9,243.1,0,,3.01734e+06
0,982.6,245.5,0,,3.01736e+06
0,982,245.1,0,,3.01737e+06
0,981.2,250.9,0,,3.01739e+06
0,980.3,253.5,0,,3.01741e+06
0,981.2,256.2,0,,3.01742e+06
0,981.2,256.2,0,,3.01742e+06
0,980,259,0,,3.01745e+06
0,973.2,258.2,0,,3.01748e+06
0,968.1,257.1,0,,3.0175e+06
0,970.4,258,0,,3.01751e+06
0,970.4,258,0,,3.01751e+06
0,647.3,176,0,,3.01754e+06
0,461.5,108.4,0,,3.01757e+06
0,461.5,108.4,0,,3.01757e+06
0,461.5,108.4,0,,3.01757e+06
0,263.1,62,0,,3.01762e+06
0,267,60.1,0,,3.01763e+06
0,61.6999,-18.1,0,,3.01765e+06
0,62.6,-20.1,0,,3.01766e+06
0,-28.8,-55.9,0,,3.01768e+06
0,3.90002,27.8,0,,3.01769e+06
0,18.9,61.8,0,,3.01770e+06
0,18.9,61.8,0,,3.01770e+06
0,18.9,61.8,0,,3.01770e+06
0,-21.9,76.1,0,,3.01778e+06
0,-21.9,76.1,0,,3.01778e+06
0,-28.2,70.6,0,,3.01779e+06
0,-141.1,30,0,,3.01783e+06
0,-141.1,30,0,,3.01783e+06
0,-156.5,24.2,0,,3.01784e+06
0,-156.5,24.2,0,,3.01784e+06
0,-171.6,11.3,0,,3.01787e+06
0,-171.6,11.3,0,,3.01787e+06
0,-171.6,11.3,0,,3.01787e+06
0,-198.1,-45.4,0,,3.01794e+06
0,-198.1,-45.4,0,,3.01794e+06
0,-184.8,-1.9,0,,3.01798e+06
0,-172.2,20.4,0,,3.01799e+06
0,-125,55.2,0,,3.01802e+06
0,-125,55.2,0,,3.01802e+06
0,-120.3,61.1,0,,3.01805e+06
0,-106.1,103.2,0,,3.01806e+06
0,-73.8,136.1,0,,3.01808e+06
0,-72.3,138.7,0,,3.01809e+06
0,-80.7,145.3,0,,3.01811e+06
0,-80.7,145.3,0,,3.01811e+06
0,-75.6,166.5,0,,3.01815e+06
0,-75.6,166.5,0,,3.01815e+06
0,-75.6,166.5,0,,3.01815e+06
0,-75.6,166.5,0,,3.01815e+06
0,-70.8,177.3,0,,3.01821e+06
0,-62.1,194.2,0,,3.01823e+06
0,-60.7,202.5,0,,3.01824e+06
0,-60.7,202.5,0,,3.01824e+06
0,-60.5,195.7,0,,3.01827e+06
0,-58.5,200,0,,3.01829e+06
0,-58.5,200,0,,3.01829e+06
0,-63.6,195.7,0,,3.01832e+06
0,-63.6,195.7,0,,3.01832e+06
0,-66.9,200.2,0,,3.01836e+06
0,-73.9,197.9,0,,3.01838e+06
0,-73.9,197.9,0,,3.01838e+06
0,-73.3,197.2,0,,3.01841e+06
0,-77.9,189.1,0,,3.01842e+06
0,-77.9,189.1,0,,3.01842e+06
0,-76.2,194.3,0,,3.01846e+06
0,-76.2,194.3,0,,3.01846e+06
0,-77.5,191.8,0,,3.0185e+06
0,-71.6,204.3,0,,3.01851e+06
0,-71.6,204.3,0,,3.01851e+06
0,-54.9,184.6,0,,3.01854e+06
0,-41.8,173.9,0,,3.01856e+06
0,498.6,273.8,0,,3.01857e+06
0,563.2,283.2,0,,3.0186e+06
0,670.6,301.6,0,,3.01862e+06
0,670.6,301.6,0,,3.01862e+06
0,777.1,314.4,0,,3.01865e+06
0,864.2,318,0,,3.01866e+06
0,868.4,302.6,0,,3.01868e+06
0,864.7,315.5,0,,3.01869e+06
0,866.6,306.7,0,,3.01871e+06
0,869.2,292.7,0,,3.01872e+06
0,868.1,290,0,,3.01874e+06
0,864.1,262.8,0,,3.01877e+06
0,864.1,262.8,0,,3.01877e+06
0,860.9,254.5,0,,3.0188e+06
0,860,253.7,0,,3.01881e+06
0,860.5,253.8,0,,3.01883e+06
0,858.6,247.9,0,,3.01884e+06
0,854.9,243.7,0,,3.01886e+06
0,853.4,241.3,0,,3.01887e+06
0,852.8,236.8,0,,3.01889e+06
0,774.9,266.6,0,,3.01892e+06
0,774.9,266.6,0,,3.01892e+06
0,723.3,286,0,,3.01895e+06
0,724.8,283.7,0,,3.01896e+06
0,698.9,287.5,0,,3.01898e+06
0,697.9,285.6,0,,3.01899e+06
0,693.9,286.5,0,,3.01901e+06
0,688.3,287.3,0,,3.01902e+06
0,687.5,283.3,0,,3.01905e+06
0,684.7,283.8,0,,3.01907e+06
0,684.7,283.8,0,,3.01907e+06
0,684.7,283.8,0,,3.01907e+06
0,693.7,298.4,0,,3.01912e+06
0,702.4,300.6,0,,3.01913e+06
0,703.3,300.9,0,,3.01914e+06
0,732.5,298.6,0,,3.01916e+06
0,776.8,293.6,0,,3.01917e+06
0,816.1,286.3,0,,3.01919e+06
0,833.3,282.1,0,,3.01922e+06
0,833.3,282.1,0,,3.01922e+06
0,843.5,274.3,0,,3.01925e+06
0,840.5,268.8,0,,3.01927e+06
0,835.6,269.3,0,,3.01928e+06
0,832.7,275.2,0,,3.0193e+06
0,832.2,274.6,0,,3.01932e+06
0,832.5,272.2,0,,3.01933e+06
0,832.5,271,0,,3.01934e+06
0,829.8,274.6,0,,3.01937e+06
0,829.8,274.6,0,,3.01937e+06
0,829.8,274.6,0,,3.01937e+06
0,833,270.1,0,,3.01942e+06
0,832.2,272.3,0,,3.01943e+06
0,836.1,270.6,0,,3.01945e+06
0,836.2,271.5,0,,3.01946e+06
0,836.5,272.7,0,,3.01948e+06
0,835,270.5,0,,3.0195e+06
0,835,270.5,0,,3.0195e+06
0,836,268.2,0,,3.01952e+06
0,836.1,268.7,0,,3.01955e+06
0,837.8,265.5,0,,3.01957e+06
0,837.8,265.5,0,,3.01957e+06
0,828.7,268.6,0,,3.0196e+06
0,827.9,270.7,0,,3.01961e+06
0,830.3,273,0,,3.01962e+06
0,830.9,270.7,0,,3.01965e+06
0,834.5,265,0,,3.01967e+06
0,834.5,265,0,,3.01967e+06
0,833.6,266.5,0,,3.0197e+06
0,833,264.6,0,,3.01971e+06
0,834.1,263.7,0,,3.01973e+06
0,839.1,267.9,0,,3.01974e+06
0,837.8,272.1,0,,3.01976e+06
0,837.9,271.2,0,,3.01977e+06
0,836.8,272.8,0,,3.01979e+06
0,836,272.8,0,,3.01982e+06
0,836,272.8,0,,3.01982e+06
0,835,272.3,0,,3.01985e+06
0,834.4,271.9,0,,3.01986e+06
0,829.6,270.5,0,,3.01988e+06
0,822,263.6,0,,3.0199e+06
0,821.7,263.8,0,,3.01991e+06
0,822.4,266,0,,3.01992e+06
0,824.9,265.4,0,,3.01995e+06
0,828,268,0,,3.01997e+06
0,828,268,0,,3.01997e+06
0,833.4,256.4,0,,3.02e+06
0,829.5,253.3,0,,3.02001e+06
0,829.5,251.4,0,,3.02003e+06
0,826.5,256.6,0,,3.02004e+06
0,827.3,252.5,0,,3.02006e+06
0,824.8,256.4,0,,3.02009e+06
0,828,264.7,0,,3.0201e+06
0,828.8,266.5,0,,3.02012e+06
0,828.8,266.5,0,,3.02012e+06
0,828.8,266.5,0,,3.02012e+06
0,831.5,257.5,0,,3.02015e+06
0,827.1,251.5,0,,3.02019e+06
0,830.1,252.1,0,,3.0202e+06
0,830.5,253.4,0,,3.02021e+06
0,825.9,262.1,0,,3.02023e+06
0,825.3,261.7,0,,3.02024e+06
0,826.2,261.7,0,,3.02026e+06
0,828,265.2,0,,3.02027e+06
0,828,265.2,0,,3.02027e+06
0,830.1,270,0,,3.02032e+06
0,829.4,271.1,0,,3.02033e+06
0,828.4,270.7,0,,3.02034e+06
0,825.4,271.2,0,,3.02036e+06
0,827.9,267.7,0,,3.02037e+06
0,827.4,268.2,0,,3.0204e+06
0,818.5,246.9,0,,3.02042e+06
0,818.5,246.9,0,,3.02042e+06
0,818.5,246.9,0,,3.02042e+06
0,797,224.5,0,,3.02046e+06
0,747.4,190.1,0,,3.02048e+06
0,555,113,0,,3.02049e+06
0,449.8,75.6,0,,3.02051e+06
0,70.5,-38.8,0,,3.02054e+06
0,83.4,-35.8,0,,3.02055e+06
0,100,-35.1,0,,3.02057e+06
0,100,-35.1,0,,3.02057e+06
0,-179.2,-130.6,0,,3.0206e+06
0,-196.8,-146.5,0,,3.02061e+06
0,-183.4,-129.1,0,,3.02063e+06
0,-194.7,-144.4,0,,3.02064e+06
0,-182.9,-119.3,0,,3.02066e+06
0,-185.9,-117.5,0,,3.02067e+06
0,-186.7,-119.9,0,,3.0207e+06
0,-179.5,-110.7,0,,3.02072e+06
0,-179.5,-110.7,0,,3.02072e+06
0,-178.9,-98.8,0,,3.02075e+06
0,-170.7,-89.1,0,,3.02076e+06
0,-170.7,-89.1,0,,3.02076e+06
0,-170.9,-70.9,0,,3.02079e+06
0,-179.5,-41,0,,3.02081e+06
0,-161.7,41,0,,3.02084e+06
0,-144.2,69.9,0,,3.02085e+06
0,-144.2,69.9,0,,3.02085e+06
0,-144.2,69.9,0,,3.02085e+06
0,-132,91.3,0,,3.0209e+06
0,-132,91.3,0,,3.0209e+06
0,-97.6,144.8,0,,3.02093e+06
0,-94.3,145.9,0,,3.02094e+06
0,-94.3,145.9,0,,3.02094e+06
0,-86,151.1,0,,3.02098e+06
0,-86,151.1,0,,3.02098e+06
0,-81.2,155.7,0,,3.02102e+06
0,-81.2,155.7,0,,3.02102e+06
0,-35.3,174.5,0,,3.02105e+06
0,-21.1,175.3,0,,3.02106e+06
0,-48.6,172.2,0,,3.02108e+06
0,-38.1,181.4,0,,3.02109e+06
0,-61.3,167.9,0,,3.02112e+06
0,-49.7,186.8,0,,3.02114e+06
