page,x,y,word,word_index,timestamp
0,1920,0,0,,0
0,930.4,1019.7,0,,2.72706e+08
0,930.3,1024.6,0,,2.72706e+08
0,930.3,1025.4,0,,2.72706e+08
0,930.6,1024.3,0,,2.72706e+08
0,933,1019.2,0,,2.72706e+08
0,936.2,1015.1,0,,2.72706e+08
0,931.7,1014.5,0,,2.72706e+08
0,931.7,1014.5,0,,2.72706e+08
0,932.5,1017,0,,2.72706e+08
0,933.5,1015.2,0,,2.72706e+08
0,933.3,1017.9,0,,2.72706e+08
0,918.6,998.5,0,,2.72706e+08
0,898,934.1,0,,2.72706e+08
0,773.1,529.3,0,,2.72706e+08
0,725.6,376.2,0,,2.72706e+08
0,725.6,376.2,0,,2.72706e+08
0,691,258.8,0,,2.72706e+08
0,682.7,226.3,0,,2.72707e+08
0,683.5,223,0,,2.72707e+08
0,685.8,215.7,0,,2.72707e+08
0,685.1,216.8,0,,2.72707e+08
0,680.5,217.3,0,,2.72707e+08
0,680.5,217.3,0,,2.72707e+08
0,665,217.3,0,,2.72707e+08
0,656.8,210.1,0,,2.72707e+08
0,333.9,32.5,0,,2.72707e+08
0,339.6,33.3,0,,2.72707e+08
0,337,21.2,0,,2.72707e+08
0,299.9,10.3,0,,2.72707e+08
0,303.5,16.1,0,,2.72707e+08
0,301.1,22.3,0,,2.72707e+08
0,298.3,20.8,0,,2.72707e+08
0,293.6,2.1,0,,2.72707e+08
0,293.6,2.1,0,,2.72707e+08
0,289.5,19.1,0,,2.72707e+08
0,293.2,17,0,,2.72707e+08
0,293.8,16,0,,2.72707e+08
0,296.2,24.5,0,,2.72707e+08
0,296.2,24.5,0,,2.72707e+08
0,307,17.2,0,,2.72707e+08
0,394.3,26.4,0,,2.72707e+08
0,570.1,33.3,0,,2.72707e+08
0,570.1,33.3,0,,2.72707e+08
0,788.2,42.9,0,,2.72707e+08
0,788.2,42.9,0,,2.72707e+08
0,858.8,35.6,0,,2.72707e+08
0,858.8,35.6,0,,2.72707e+08
0,1069.6,21.9,0,,2.72707e+08
0,1069.6,21.9,0,,2.72707e+08
0,1157.8,21.3,0,,2.72707e+08
0,1157.8,21.3,0,,2.72707e+08
0,1169.1,16.4,0,,2.72707e+08
0,1349.6,32,0,,2.72707e+08
0,1401.1,-40.9,0,,2.72707e+08
0,1409.9,29.2,0,,2.72707e+08
0,1415.1,31.7,0,,2.72707e+08
0,1432.9,-17.5,0,,2.72707e+08
0,1435.7,13.9,0,,2.72707e+08
0,1435.9,32.5,0,,2.72707e+08
0,1439.3,72.4,0,,2.72707e+08
0,1439.3,72.4,0,,2.72707e+08
0,1441.1,38.5,0,,2.72707e+08
0,1435.2,61.9,0,,2.72707e+08
0,1347.1,18.5,0,,2.72707e+08
0,1347.1,18.5,0,,2.72707e+08
0,1120.3,-30.5,0,,2.72707e+08
0,793.6,-41.1,0,,2.72707e+08
0,793.6,-41.1,0,,2.72707e+08
0,793.6,-41.1,0,,2.72707e+08
0,793.6,-41.1,0,,2.72707e+08
0,793.6,-41.1,0,,2.72707e+08
0,220,-58.1,0,,2.72707e+08
0,220.4,-50,0,,2.72707e+08
0,220.4,-50,0,,2.72707e+08
0,220.4,-50,0,,2.72707e+08
0,220.4,-50,0,,2.72707e+08
0,220.4,-50,0,,2.72707e+08
0,220.4,-50,0,,2.72707e+08
0,220.4,-50,0,,2.72707e+08
0,185.6,30.4,0,,2.72708e+08
0,185.6,30.4,0,,2.72708e+08
0,185.6,30.4,0,,2.72708e+08
0,192.1,-22.2,0,,2.72708e+08
0,192.1,-22.2,0,,2.72708e+08
0,189.2,-22,0,,2.72708e+08
0,179,-11.3,0,,2.72708e+08
0,161.7,-22.7,0,,2.72708e+08
0,161.7,-22.7,0,,2.72708e+08
1,159.7,-26.3,0,,2.72708e+08
1,159.7,-26.3,0,,2.72708e+08
1,168,-20.4,0,,2.72708e+08
1,168,-20.4,0,,2.72708e+08
1,171.1,-7.7,0,,2.72708e+08
1,167.3,-0.1,0,,2.72708e+08
1,164.7,-5.4,0,,2.72708e+08
1,160,-14.5,0,,2.72708e+08
1,160,-14.5,0,,2.72708e+08
1,153.2,-20.3,0,,2.72708e+08
1,144.9,-24.3,0,,2.72708e+08
1,119.9,-23.6,0,,2.72708e+08
1,119.9,-23.6,0,,2.72708e+08
1,115.7,-23.3,0,,2.72708e+08
1,96.4,-16.8,0,,2.72708e+08
1,96.4,-16.8,0,,2.72708e+08
1,111.4,8.1,0,,2.72708e+08
1,111.4,8.1,0,,2.72708e+08
1,155.7,61.1,0,,2.72708e+08
1,308.7,177.7,0,,2.72708e+08
1,331.6,237.5,0,,2.72708e+08
1,399.4,292.6,0,,2.72708e+08
1,436.9,321.1,0,,2.72708e+08
1,442.7,324.7,0,,2.72708e+08
1,431.6,310.7,0,,2.72708e+08
1,526.8,411.7,0,,2.72708e+08
1,526.8,411.7,0,,2.72708e+08
1,521.9,415.3,0,,2.72708e+08
1,515.8,427.5,0,,2.72708e+08
1,501.3,423.7,0,,2.72708e+08
1,499.2,412,0,,2.72708e+08
1,448.1,440.1,0,,2.72708e+08
1,449.2,436.2,0,,2.72708e+08
1,444.6,438.6,0,,2.72708e+08
1,428.5,443.4,0,,2.72708e+08
1,428.5,443.4,0,,2.72708e+08
1,417.8,447.2,0,,2.72708e+08
1,418.2,432.3,0,,2.72708e+08
1,416.6,429.9,0,,2.72708e+08
1,420.7,436.1,0,,2.72708e+08
1,423.9,438.1,0,,2.72708e+08
1,423.7,436.9,0,,2.72708e+08
1,422,434.2,0,,2.72708e+08
1,423.8,441,0,,2.72708e+08
1,423.8,441,0,,2.72708e+08
1,455.2,477.8,0,,2.72708e+08
1,432.9,452.4,0,,2.72708e+08
1,790.8,399.5,0,,2.72708e+08
1,819.5,402.3,0,,2.72708e+08
1,841.6,398.1,0,,2.72709e+08
1,856.8,406,0,,2.72709e+08
1,866.1,411.3,0,,2.72709e+08
1,871.3,424.4,0,,2.72709e+08
1,871.3,424.4,0,,2.72709e+08
1,868.4,414.5,0,,2.72709e+08
1,867.9,413.2,0,,2.72709e+08
1,864.7,399,0,,2.72709e+08
1,864,387.3,0,,2.72709e+08
1,864.2,392.8,0,,2.72709e+08
1,864.9,398,0,,2.72709e+08
1,864.9,398,0,,2.72709e+08
1,864.9,398,0,,2.72709e+08
1,864.9,398,0,,2.72709e+08
1,864.9,398,0,,2.72709e+08
1,864.9,398,0,,2.72709e+08
1,864.9,398,0,,2.72709e+08
1,1012.1,444.8,0,,2.72709e+08
1,1012.3,447.7,0,,2.72709e+08
1,1012.9,442.3,0,,2.72709e+08
1,1012.9,442.3,0,,2.72709e+08
1,1014.7,430.7,0,,2.72709e+08
1,1014.1,432.9,0,,2.72709e+08
1,1014.7,430.2,0,,2.72709e+08
1,1017.9,431.1,0,,2.72709e+08
1,1013.4,440,0,,2.72709e+08
1,1013.4,440,0,,2.72709e+08
1,1009.2,449.7,0,,2.72709e+08
1,999.5,449.9,0,,2.72709e+08
1,999.5,449.9,0,,2.72709e+08
1,986.1,457.1,0,,2.72709e+08
1,986.1,457.1,0,,2.72709e+08
1,969.8,448.8,0,,2.72709e+08
1,933.3,470,0,,2.72709e+08
1,891.7,487.2,0,,2.72709e+08
1,880.8,493.4,0,,2.72709e+08
1,880.8,493.4,0,,2.72709e+08
1,880.8,493.4,0,,2.72709e+08
1,880.8,493.4,0,,2.72709e+08
1,880.8,493.4,0,,2.72709e+08
1,865.6,494.6,0,,2.72709e+08
1,866.4,492.9,0,,2.72709e+08
1,864,478.6,0,,2.72709e+08
1,864.1,477.7,0,,2.72709e+08
1,863.6,475.9,0,,2.72709e+08
1,858.3,458.3,0,,2.72709e+08
1,857,467.6,0,,2.72709e+08
1,857,467.6,0,,2.72709e+08
1,856.1,486.8,0,,2.72709e+08
1,855.2,492.8,0,,2.72709e+08
1,853.6,550.6,0,,2.72709e+08
1,855.1,519.5,0,,2.72709e+08
1,855.1,519.5,0,,2.72709e+08
1,854.3,553.7,0,,2.72709e+08
1,852.3,551.4,0,,2.72709e+08
1,852.3,551.4,0,,2.72709e+08
1,852.3,551.4,0,,2.72709e+08
1,891.8,519.5,0,,2.72709e+08
1,1039.7,512.4,0,,2.7271e+08
1,1157.6,511.8,0,,2.7271e+08
1,1262.4,509.9,0,,2.7271e+08
1,1315.3,504.7,0,,2.7271e+08
1,1330.1,502.5,0,,2.7271e+08
1,1332.2,496.8,0,,2.7271e+08
1,1333.3,492.3,0,,2.7271e+08
1,1333.3,492.3,0,,2.7271e+08
1,1332.8,492.8,0,,2.7271e+08
1,1332.3,494.2,0,,2.7271e+08
1,1333,493.8,0,,2.7271e+08
1,1337.3,490.1,0,,2.7271e+08
1,1338.4,490.3,0,,2.7271e+08
1,1338.7,483.5,0,,2.7271e+08
1,1339.2,482.6,0,,2.7271e+08
1,1339.5,482.6,0,,2.7271e+08
1,1339.5,482.6,0,,2.7271e+08
1,1342.2,483.7,0,,2.7271e+08
1,1341.6,485.2,0,,2.7271e+08
1,1343,490.8,0,,2.7271e+08
1,1340,501.3,0,,2.7271e+08
1,1340,501.3,0,,2.7271e+08
1,1366.2,534.3,0,,2.7271e+08
1,1405.9,553.6,0,,2.7271e+08
1,1430.5,574.6,0,,2.7271e+08
1,1497.3,642.2,0,,2.7271e+08
1,1498.6,655.2,0,,2.7271e+08
1,1496.9,652.5,0,,2.7271e+08
1,1488.4,640.1,0,,2.7271e+08
1,1487.1,642.7,0,,2.7271e+08
1,1482,636.4,0,,2.7271e+08
1,1475.6,628.8,0,,2.7271e+08
1,1472.6,622.8,0,,2.7271e+08
1,1462.7,612.2,0,,2.7271e+08
1,1462.7,612.2,0,,2.7271e+08
1,1465.2,603.6,0,,2.7271e+08
1,1464,603.3,0,,2.7271e+08
1,1458.6,609.6,0,,2.7271e+08
1,1452.9,615.2,0,,2.7271e+08
1,1452.9,615.2,0,,2.7271e+08
1,1441.2,642.3,0,,2.7271e+08
1,1439,642.9,0,,2.7271e+08
1,1005.6,705.8,0,,2.7271e+08
1,1005.6,705.8,0,,2.7271e+08
1,662.3,755.6,0,,2.7271e+08
1,660.4,758.8,0,,2.7271e+08
1,654.3,756.2,0,,2.7271e+08
1,651.5,756.3,0,,2.7271e+08
1,650.7,744.5,0,,2.7271e+08
1,651,751.1,0,,2.7271e+08
1,655,766.3,0,,2.7271e+08
1,655,766.3,0,,2.7271e+08
1,655.5,764,0,,2.7271e+08
1,656.1,783.8,0,,2.7271e+08
1,658.5,753.3,0,,2.7271e+08
1,659.3,743.8,0,,2.7271e+08
1,658,734.8,0,,2.7271e+08
1,656.2,738.4,0,,2.7271e+08
1,655.8,739.1,0,,2.7271e+08
1,651.9,744.7,0,,2.7271e+08
1,649.9,750.1,0,,2.72711e+08
1,649.9,750.1,0,,2.72711e+08
1,666.2,726.7,0,,2.72711e+08
1,681.4,703,0,,2.72711e+08
1,692.3,689,0,,2.72711e+08
1,698.3,662.3,0,,2.72711e+08
1,703,646.3,0,,2.72711e+08
1,705.8,635.3,0,,2.72711e+08
1,703.4,643.5,0,,2.72711e+08
1,707.5,633,0,,2.72711e+08
1,707.5,633,0,,2.72711e+08
1,707.6,635.3,0,,2.72711e+08
1,706.7,644.7,0,,2.72711e+08
1,706.5,655.7,0,,2.72711e+08
1,706.5,655.7,0,,2.72711e+08
1,706.5,655.7,0,,2.72711e+08
1,702.8,710.3,0,,2.72711e+08
1,702.8,710.3,0,,2.72711e+08
1,702.8,710.3,0,,2.72711e+08
1,702.8,710.3,0,,2.72711e+08
1,666.4,637.3,0,,2.72711e+08
1,666.4,637.3,0,,2.72711e+08
1,664.7,578.8,0,,2.72711e+08
1,664.7,578.8,0,,2.72711e+08
1,661.8,486.6,0,,2.72711e+08
1,661.8,486.6,0,,2.72711e+08
1,661.8,486.6,0,,2.72711e+08
1,661.8,486.6,0,,2.72711e+08
1,661.8,486.6,0,,2.72711e+08
1,661.8,486.6,0,,2.72711e+08
1,661.8,486.6,0,,2.72711e+08
1,661.8,486.6,0,,2.72711e+08
1,661.8,486.6,0,,2.72711e+08
1,661.8,486.6,0,,2.72711e+08
1,661.8,486.6,0,,2.72711e+08
1,661.8,486.6,0,,2.72711e+08
1,661.8,486.6,0,,2.72711e+08
1,661.8,486.6,0,,2.72711e+08
1,661.8,486.6,0,,2.72711e+08
1,661.8,486.6,0,,2.72711e+08
1,661.8,486.6,0,,2.72711e+08
1,661.8,486.6,0,,2.72711e+08
1,661.8,486.6,0,,2.72711e+08
1,993.6,1041.1,0,,2.72711e+08
1,993.6,1041.1,0,,2.72711e+08
1,993.6,1041.1,0,,2.72711e+08
1,993.6,1041.1,0,,2.72711e+08
1,993.6,1041.1,0,,2.72711e+08
1,993.6,1041.1,0,,2.72711e+08
1,993.6,1041.1,0,,2.72711e+08
1,993.6,1041.1,0,,2.72711e+08
1,993.6,1041.1,0,,2.72711e+08
1,993.6,1041.1,0,,2.72711e+08
1,993.6,1041.1,0,,2.72711e+08
1,993.6,1041.1,0,,2.72711e+08
1,993.6,1041.1,0,,2.72711e+08
1,993.6,1041.1,0,,2.72711e+08
1,993.6,1041.1,0,,2.72711e+08
1,993.6,1041.1,0,,2.72711e+08
1,993.6,1041.1,0,,2.72711e+08
1,993.6,1041.1,0,,2.72711e+08
1,993.6,1041.1,0,,2.72711e+08
1,993.6,1041.1,0,,2.72711e+08
1,993.6,1041.1,0,,2.72711e+08
1,993.6,1041.1,0,,2.72711e+08
1,993.6,1041.1,0,,2.72711e+08
1,993.6,1041.1,0,,2.72711e+08
1,993.6,1041.1,0,,2.72711e+08
1,993.6,1041.1,0,,2.72711e+08
1,993.6,1041.1,0,,2.72711e+08
1,993.6,1041.1,0,,2.72711e+08
1,993.6,1041.1,0,,2.72711e+08
1,993.6,1041.1,0,,2.72711e+08
1,993.6,1041.1,0,,2.72711e+08
1,993.6,1041.1,0,,2.72711e+08
1,993.6,1041.1,0,,2.72711e+08
1,993.6,1041.1,0,,2.72711e+08
1,993.6,1041.1,0,,2.72711e+08
1,993.6,1041.1,0,,2.72711e+08
1,993.6,1041.1,0,,2.72711e+08
1,993.6,1041.1,0,,2.72711e+08
1,993.6,1041.1,0,,2.72711e+08
1,993.6,1041.1,0,,2.72711e+08
1,993.6,1041.1,0,,2.72711e+08
1,993.6,1041.1,0,,2.72711e+08
1,993.6,1041.1,0,,2.72711e+08
1,993.6,1041.1,0,,2.72711e+08
1,993.6,1041.1,0,,2.72711e+08
1,993.6,1041.1,0,,2.72711e+08
1,993.6,1041.1,0,,2.72711e+08
1,993.6,1041.1,0,,2.72711e+08
1,993.6,1041.1,0,,2.72711e+08
1,993.6,1041.1,0,,2.72711e+08
1,993.6,1041.1,0,,2.72711e+08
1,993.6,1041.1,0,,2.72711e+08
1,993.6,1041.1,0,,2.72711e+08
1,993.6,1041.1,0,,2.72711e+08
1,993.6,1041.1,0,,2.72711e+08
1,993.6,1041.1,0,,2.72711e+08
1,993.6,1041.1,0,,2.72711e+08
1,993.6,1041.1,0,,2.72711e+08
1,993.6,1041.1,0,,2.72711e+08
1,993.6,1041.1,0,,2.72711e+08
1,993.6,1041.1,0,,2.72711e+08
1,993.6,1041.1,0,,2.72711e+08
1,993.6,1041.1,0,,2.72711e+08
1,993.6,1041.1,0,,2.72711e+08
1,993.6,1041.1,0,,2.72711e+08
1,993.6,1041.1,0,,2.72711e+08
1,993.6,1041.1,0,,2.72711e+08
1,993.6,1041.1,0,,2.72711e+08
1,993.6,1041.1,0,,2.72711e+08
1,993.6,1041.1,0,,2.72711e+08
1,993.6,1041.1,0,,2.72711e+08
1,993.6,1041.1,0,,2.72711e+08
1,993.6,1041.1,0,,2.72711e+08
1,993.6,1041.1,0,,2.72711e+08
1,993.6,1041.1,0,,2.72711e+08
1,993.6,1041.1,0,,2.72711e+08
1,993.6,1041.1,0,,2.72711e+08
1,993.6,1041.1,0,,2.72711e+08
1,993.6,1041.1,0,,2.72711e+08
1,993.6,1041.1,0,,2.72711e+08
1,993.6,1041.1,0,,2.72711e+08
1,993.6,1041.1,0,,2.72711e+08
1,993.6,1041.1,0,,2.72711e+08
1,993.6,1041.1,0,,2.72711e+08
1,993.6,1041.1,0,,2.72711e+08
1,993.6,1041.1,0,,2.72711e+08
1,993.6,1041.1,0,,2.72711e+08
1,993.6,1041.1,0,,2.72711e+08
1,993.6,1041.1,0,,2.72711e+08
1,993.6,1041.1,0,,2.72711e+08
1,993.6,1041.1,0,,2.72711e+08
1,993.6,1041.1,0,,2.72711e+08
1,993.6,1041.1,0,,2.72711e+08
1,993.6,1041.1,0,,2.72711e+08
1,993.6,1041.1,0,,2.72711e+08
1,993.6,1041.1,0,,2.72711e+08
1,993.6,1041.1,0,,2.72711e+08
1,993.6,1041.1,0,,2.72711e+08
1,993.6,1041.1,0,,2.72711e+08
1,993.6,1041.1,0,,2.72711e+08
1,993.6,1041.1,0,,2.72711e+08
1,993.6,1041.1,0,,2.72711e+08
1,993.6,1041.1,0,,2.72711e+08
1,993.6,1041.1,0,,2.72711e+08
1,993.6,1041.1,0,,2.72711e+08
1,993.6,1041.1,0,,2.72711e+08
1,993.6,1041.1,0,,2.72711e+08
1,993.6,1041.1,0,,2.72711e+08
1,993.6,1041.1,0,,2.72711e+08
1,993.6,1041.1,0,,2.72711e+08
1,993.6,1041.1,0,,2.72711e+08
1,993.6,1041.1,0,,2.72711e+08
1,993.6,1041.1,0,,2.72711e+08
1,993.6,1041.1,0,,2.72711e+08
1,993.6,1041.1,0,,2.72711e+08
1,993.6,1041.1,0,,2.72711e+08
1,993.6,1041.1,0,,2.72711e+08
1,993.6,1041.1,0,,2.72711e+08
1,993.6,1041.1,0,,2.72711e+08
1,316.1,391.7,0,,2.72713e+08
1,316.1,391.7,0,,2.72713e+08
1,383,231.1,0,,2.72713e+08
1,383,231.1,0,,2.72713e+08
1,383,231.1,0,,2.72713e+08
1,383,231.1,0,,2.72713e+08
1,383,231.1,0,,2.72713e+08
1,383,231.1,0,,2.72713e+08
1,383,231.1,0,,2.72713e+08
1,383,231.1,0,,2.72713e+08
1,383,231.1,0,,2.72713e+08
1,383,231.1,0,,2.72713e+08
1,383,231.1,0,,2.72713e+08
1,383,231.1,0,,2.72713e+08
1,383,231.1,0,,2.72713e+08
1,383,231.1,0,,2.72713e+08
1,383,231.1,0,,2.72713e+08
1,383,231.1,0,,2.72713e+08
1,383,231.1,0,,2.72713e+08
1,383,231.1,0,,2.72713e+08
1,383,231.1,0,,2.72713e+08
1,383,231.1,0,,2.72713e+08
1,348.5,1043.6,0,,2.72714e+08
1,815,636.2,0,,2.72714e+08
1,815,636.2,0,,2.72714e+08
1,815,636.2,0,,2.72714e+08
1,845.4,603.9,0,,2.72714e+08
1,845.4,603.9,0,,2.72714e+08
1,855.4,703.7,0,,2.72714e+08
1,854.9,719.8,0,,2.72714e+08
1,854.9,719.8,0,,2.72714e+08
1,1021.6,768.5,0,,2.72714e+08
1,1021.6,768.5,0,,2.72714e+08
1,1021.6,768.5,0,,2.72714e+08
1,1065.7,721.7,0,,2.72714e+08
1,1065.7,721.7,0,,2.72714e+08
1,1065.7,721.7,0,,2.72714e+08
1,1065.7,721.7,0,,2.72714e+08
1,1143,716.5,0,,2.72714e+08
1,1159.7,697.2,0,,2.72714e+08
1,1159.7,697.2,0,,2.72714e+08
1,1159.7,697.2,0,,2.72714e+08
1,1144.5,750.3,0,,2.72714e+08
1,1144.5,750.3,0,,2.72714e+08
1,1146.1,741.7,0,,2.72714e+08
1,1158.9,715.5,0,,2.72714e+08
1,1158.9,715.5,0,,2.72714e+08
1,1181.6,666.8,0,,2.72714e+08
1,1156.6,713.3,0,,2.72714e+08
1,1156.6,713.3,0,,2.72714e+08
1,1184.3,680.1,0,,2.72714e+08
1,1184.3,680.1,0,,2.72714e+08
1,1286.7,619.7,0,,2.72714e+08
1,1286.7,619.7,0,,2.72714e+08
1,1287,624.6,0,,2.72714e+08
1,1287,624.6,0,,2.72714e+08
1,966.4,533.4,0,,2.72714e+08
1,912,644,0,,2.72714e+08
1,880.4,834,0,,2.72714e+08
1,1006.6,781.4,0,,2.72714e+08
1,702.6,1307.6,0,,2.72714e+08
1,829,1198.5,0,,2.72714e+08
1,829,1198.5,0,,2.72714e+08
1,829,1198.5,0,,2.72714e+08
1,829,1198.5,0,,2.72714e+08
1,829,1198.5,0,,2.72714e+08
1,1354.1,530.8,0,,2.72714e+08
1,1354.1,530.8,0,,2.72714e+08
1,1354.1,530.8,0,,2.72714e+08
1,1365.2,544.1,0,,2.72714e+08
1,1365.2,544.1,0,,2.72714e+08
1,1365.2,544.1,0,,2.72714e+08
1,1388.7,526.2,0,,2.72714e+08
1,1388.7,526.2,0,,2.72714e+08
1,1394.7,541,0,,2.72714e+08
1,1394.7,541,0,,2.72714e+08
1,1359.7,629.8,0,,2.72714e+08
1,1351.3,650,0,,2.72714e+08
1,1351.3,650,0,,2.72714e+08
1,1351.3,650,0,,2.72714e+08
1,1351.3,650,0,,2.72714e+08
1,1351.3,650,0,,2.72714e+08
1,1328.8,675.4,0,,2.72715e+08
1,1328.8,675.4,0,,2.72715e+08
1,1232.7,597.3,0,,2.72715e+08
1,1085.9,586.6,0,,2.72715e+08
1,1085.9,586.6,0,,2.72715e+08
1,1085.9,586.6,0,,2.72715e+08
1,1132.9,587.2,0,,2.72715e+08
1,1132.9,587.2,0,,2.72715e+08
1,1132.9,587.2,0,,2.72715e+08
1,1132.9,587.2,0,,2.72715e+08
1,840.2,583.6,0,,2.72715e+08
1,842.7,585.2,0,,2.72715e+08
1,842.7,585.2,0,,2.72715e+08
1,847.8,603.5,0,,2.72715e+08
1,855.5,608.2,0,,2.72715e+08
1,855.5,608.2,0,,2.72715e+08
1,859.1,604.6,0,,2.72715e+08
1,883.7,541.1,0,,2.72715e+08
1,883.7,541.1,0,,2.72715e+08
1,707,591.8,0,,2.72715e+08
1,707,591.8,0,,2.72715e+08
1,691.1,599.6,0,,2.72715e+08
1,713.4,606.3,0,,2.72715e+08
1,639.7,606.5,0,,2.72715e+08
1,622.1,592.8,0,,2.72715e+08
1,621.8,592.1,0,,2.72715e+08
1,621.8,592.1,0,,2.72715e+08
1,619.5,584,0,,2.72715e+08
1,619.5,584,0,,2.72715e+08
1,617.5,585.6,0,,2.72715e+08
1,594,607.1,0,,2.72715e+08
1,591.3,610.7,0,,2.72715e+08
1,591.3,610.7,0,,2.72715e+08
1,596.9,572,0,,2.72715e+08
1,596.8,565.6,0,,2.72715e+08
1,594.4,595.6,0,,2.72715e+08
1,593.7,598,0,,2.72715e+08
1,587.5,576.5,0,,2.72715e+08
1,587.5,576.5,0,,2.72715e+08
1,588.3,545.3,0,,2.72715e+08
1,587.3,539.1,0,,2.72715e+08
1,584.5,522.6,0,,2.72715e+08
1,592.1,532.2,0,,2.72715e+08
1,635.3,492.2,0,,2.72715e+08
1,635.3,492.2,0,,2.72715e+08
1,672.6,488.1,0,,2.72715e+08
1,716.8,522.3,0,,2.72715e+08
1,716.8,522.3,0,,2.72715e+08
1,760,552.1,0,,2.72715e+08
1,767,566.9,0,,2.72715e+08
1,767,566.9,0,,2.72715e+08
1,797.1,591,0,,2.72715e+08
1,789.3,586.9,0,,2.72715e+08
1,789.3,586.9,0,,2.72715e+08
1,800.4,576.1,0,,2.72715e+08
1,800.4,576.1,0,,2.72715e+08
1,798.5,462.4,0,,2.72716e+08
1,804.6,478.5,0,,2.72716e+08
1,804.6,478.5,0,,2.72716e+08
1,957.8,449.9,0,,2.72716e+08
1,970,448.1,0,,2.72716e+08
1,970,448.1,0,,2.72716e+08
1,1037.2,436.3,0,,2.72716e+08
1,1037.2,436.3,0,,2.72716e+08
1,1278.5,387.8,0,,2.72716e+08
1,1274.3,396.5,0,,2.72716e+08
1,1274.3,396.5,0,,2.72716e+08
1,1270.8,410.7,0,,2.72716e+08
1,1270.2,434.7,0,,2.72716e+08
1,1270.2,434.7,0,,2.72716e+08
1,1265.5,439.3,0,,2.72716e+08
1,1263.9,437.6,0,,2.72716e+08
1,1254.5,442.5,0,,2.72716e+08
1,1254.5,442.5,0,,2.72716e+08
1,1254.5,442.5,0,,2.72716e+08
1,1254.5,442.5,0,,2.72716e+08
1,1254.5,442.5,0,,2.72716e+08
1,1254.5,442.5,0,,2.72716e+08
1,1254.5,442.5,0,,2.72716e+08
1,1254.5,442.5,0,,2.72716e+08
1,1254.5,442.5,0,,2.72716e+08
1,1333.5,561.4,0,,2.72716e+08
1,1413.5,552.4,0,,2.72716e+08
1,1405.3,569.2,0,,2.72716e+08
1,1410.1,552.3,0,,2.72716e+08
1,1410.1,552.3,0,,2.72716e+08
1,1388.1,595.1,0,,2.72716e+08
1,1375,601.9,0,,2.72716e+08
1,1365,618.1,0,,2.72716e+08
1,1365,618.1,0,,2.72716e+08
1,1365,618.1,0,,2.72716e+08
1,1359.8,628.2,0,,2.72716e+08
1,1359.8,628.2,0,,2.72716e+08
1,1355.5,666.4,0,,2.72716e+08
1,1355.4,634,0,,2.72716e+08
1,1368.1,610.7,0,,2.72716e+08
1,1368.1,610.7,0,,2.72716e+08
1,1375,604.1,0,,2.72716e+08
1,1375,604.1,0,,2.72716e+08
1,1386,603.8,0,,2.72716e+08
1,1385.7,618.8,0,,2.72716e+08
1,1383.1,613.1,0,,2.72716e+08
1,1382,611.1,0,,2.72716e+08
1,1381.4,579.2,0,,2.72716e+08
1,1378.4,583,0,,2.72716e+08
1,1383.6,581.8,0,,2.72716e+08
1,1388,589.3,0,,2.72716e+08
1,1388,589.3,0,,2.72716e+08
1,1422.2,597.1,0,,2.72716e+08
1,1445.2,598.4,0,,2.72716e+08
1,1444.8,599.1,0,,2.72716e+08
1,1451.3,596,0,,2.72716e+08
1,1447,595.5,0,,2.72716e+08
1,1441,595.5,0,,2.72716e+08
1,1431.9,599.5,0,,2.72716e+08
1,1418.3,605.7,0,,2.72717e+08
1,1418.3,605.7,0,,2.72717e+08
1,1416.9,602.1,0,,2.72717e+08
1,1415.4,604.8,0,,2.72717e+08
1,1418.3,603.9,0,,2.72717e+08
1,1423.4,588.1,0,,2.72717e+08
1,1422.5,583.3,0,,2.72717e+08
1,1426.9,580.5,0,,2.72717e+08
1,1441.2,603,0,,2.72717e+08
1,1469.6,650.7,0,,2.72717e+08
1,1469.6,650.7,0,,2.72717e+08
1,1477.4,662.9,0,,2.72717e+08
1,1480.3,659,0,,2.72717e+08
1,1489.4,646.7,0,,2.72717e+08
1,1489.4,646.7,0,,2.72717e+08
1,1498.6,640.4,0,,2.72717e+08
1,1514.9,653,0,,2.72717e+08
1,1514.9,653,0,,2.72717e+08
1,1513.1,647.3,0,,2.72717e+08
1,1514.4,639.3,0,,2.72717e+08
1,1514.4,639.3,0,,2.72717e+08
1,1493.2,650,0,,2.72717e+08
1,1499.3,650.2,0,,2.72717e+08
1,733.8,705.7,0,,2.72717e+08
1,631.2,710.8,0,,2.72717e+08
1,623.4,712,0,,2.72717e+08
1,606.5,716,0,,2.72717e+08
1,563.2,738.3,0,,2.72717e+08
1,563.2,738.3,0,,2.72717e+08
1,563.2,738.3,0,,2.72717e+08
1,565.2,746.7,0,,2.72717e+08
1,567.8,753.8,0,,2.72717e+08
1,562.1,767.9,0,,2.72717e+08
1,545.8,772.4,0,,2.72717e+08
1,410.6,789.6,0,,2.72717e+08
1,398.6,790.2,0,,2.72717e+08
1,398.6,790.2,0,,2.72717e+08
1,398.6,790.2,0,,2.72717e+08
1,341.7,725.6,0,,2.72717e+08
1,341.7,725.6,0,,2.72717e+08
1,352.2,741.3,0,,2.72717e+08
1,355.2,714.4,0,,2.72717e+08
1,355.2,714.4,0,,2.72717e+08
1,375.3,712,0,,2.72717e+08
1,507.6,754.2,0,,2.72717e+08
1,507.6,754.2,0,,2.72717e+08
1,541.5,753.1,0,,2.72717e+08
1,541.5,753.1,0,,2.72717e+08
1,834.2,735.2,0,,2.72717e+08
1,817.2,735.8,0,,2.72717e+08
1,1027.6,697.8,0,,2.72717e+08
1,1040.6,692.2,0,,2.72717e+08
1,1048.6,692,0,,2.72717e+08
1,1127.6,682.2,0,,2.72717e+08
1,1129.6,683.3,0,,2.72717e+08
1,1129.6,683.3,0,,2.72717e+08
1,1135.2,692.1,0,,2.72717e+08
1,1135.3,695.2,0,,2.72717e+08
1,1130.7,697.7,0,,2.72717e+08
1,1131.7,742.7,0,,2.72717e+08
1,1135.9,741.5,0,,2.72717e+08
1,1201.5,753.1,0,,2.72718e+08
1,1224.1,752.8,0,,2.72718e+08
1,1257.3,753.8,0,,2.72718e+08
1,1257.3,753.8,0,,2.72718e+08
1,1275,752,0,,2.72718e+08
1,1377.4,745.4,0,,2.72718e+08
1,1482.7,744.4,0,,2.72718e+08
1,1481.3,757.6,0,,2.72718e+08
1,1489.3,736.1,0,,2.72718e+08
1,1493.7,717.4,0,,2.72718e+08
1,1488.3,695.3,0,,2.72718e+08
1,1490.3,692.2,0,,2.72718e+08
1,1492.3,685.7,0,,2.72718e+08
1,1492.3,685.7,0,,2.72718e+08
1,1486.5,713.7,0,,2.72718e+08
1,1461.2,700.1,0,,2.72718e+08
1,1459.4,707.9,0,,2.72718e+08
1,1457.3,720,0,,2.72718e+08
1,1452,722.3,0,,2.72718e+08
1,1447.8,709.9,0,,2.72718e+08
1,1449.2,717.9,0,,2.72718e+08
1,1449.2,717.9,0,,2.72718e+08
1,1445.9,730.2,0,,2.72718e+08
1,1446.2,728,0,,2.72718e+08
1,1444.5,722.1,0,,2.72718e+08
1,1441.1,717.8,0,,2.72718e+08
1,1438.3,700.9,0,,2.72718e+08
1,1457.6,715.4,0,,2.72718e+08
1,1458.1,716.5,0,,2.72718e+08
1,1467.6,709.9,0,,2.72718e+08
1,1467.6,709.9,0,,2.72718e+08
1,1518.7,724.1,0,,2.72718e+08
1,1517.1,721.9,0,,2.72718e+08
1,1517.1,721.9,0,,2.72718e+08
1,1519,719.9,0,,2.72718e+08
1,1520.8,715.7,0,,2.72718e+08
1,1520.8,715.7,0,,2.72718e+08
1,1520.8,715.7,0,,2.72718e+08
1,1520.8,715.7,0,,2.72718e+08
1,1520.8,715.7,0,,2.72718e+08
1,1520.8,715.7,0,,2.72718e+08
1,1520.8,715.7,0,,2.72718e+08
1,1520.8,715.7,0,,2.72718e+08
1,1520.8,715.7,0,,2.72718e+08
1,501,870.7,0,,2.72718e+08
1,501,870.5,0,,2.72718e+08
1,498.9,865.5,0,,2.72718e+08
1,467,850.5,0,,2.72718e+08
1,467,850.5,0,,2.72718e+08
1,467,850.5,0,,2.72718e+08
1,422.8,852.3,0,,2.72718e+08
1,433.5,848.3,0,,2.72718e+08
1,397.6,851,0,,2.72718e+08
1,400,854.6,0,,2.72718e+08
1,335.7,828.5,0,,2.72718e+08
1,347.9,838.9,0,,2.72718e+08
1,352.6,842.8,0,,2.72718e+08
1,336.4,826.8,0,,2.72718e+08
1,383.6,831.8,0,,2.72718e+08
1,399.6,830.5,0,,2.72719e+08
1,428.8,834.8,0,,2.72719e+08
1,553.9,846.2,0,,2.72719e+08
1,706.1,856.7,0,,2.72719e+08
1,715.5,857.5,0,,2.72719e+08
1,717.2,855.1,0,,2.72719e+08
1,708.6,844.7,0,,2.72719e+08
1,708.6,844.7,0,,2.72719e+08
1,714,859.9,0,,2.72719e+08
1,714.4,862.5,0,,2.72719e+08
1,716.4,870.9,0,,2.72719e+08
1,716.9,873.2,0,,2.72719e+08
1,716,866.9,0,,2.72719e+08
1,715.5,865.1,0,,2.72719e+08
1,717.2,849.7,0,,2.72719e+08
1,725.9,848,0,,2.72719e+08
1,723.1,846.1,0,,2.72719e+08
1,723.1,846.1,0,,2.72719e+08
1,754.4,851.6,0,,2.72719e+08
1,800.3,844.2,0,,2.72719e+08
1,798.8,847.2,0,,2.72719e+08
1,800.2,844.3,0,,2.72719e+08
1,802.3,849,0,,2.72719e+08
1,803.6,852.1,0,,2.72719e+08
1,805.1,852.8,0,,2.72719e+08
1,805.1,852.8,0,,2.72719e+08
1,820.1,851.8,0,,2.72719e+08
1,854.2,842.5,0,,2.72719e+08
1,868.7,841.7,0,,2.72719e+08
1,982.9,815.4,0,,2.72719e+08
1,1027.3,807.1,0,,2.72719e+08
1,1027.3,807.1,0,,2.72719e+08
1,1114.7,785.4,0,,2.72719e+08
1,1114.7,785.4,0,,2.72719e+08
1,1114.7,785.4,0,,2.72719e+08
1,1118.5,789.7,0,,2.72719e+08
1,1118.5,789.7,0,,2.72719e+08
1,1116.5,792.8,0,,2.72719e+08
1,1094.9,807.2,0,,2.72719e+08
1,1100.6,813.5,0,,2.72719e+08
1,1111.5,809.5,0,,2.72719e+08
1,1132.4,806.8,0,,2.72719e+08
1,1133.8,805.4,0,,2.72719e+08
1,1133.8,805.4,0,,2.72719e+08
1,1133.8,805.4,0,,2.72719e+08
1,1151.6,803.1,0,,2.72719e+08
1,1154,802.3,0,,2.72719e+08
1,1154,802.3,0,,2.72719e+08
1,1158.6,795,0,,2.72719e+08
1,1161.4,805.7,0,,2.72719e+08
1,1158.5,813.6,0,,2.72719e+08
1,1148.8,844.9,0,,2.72719e+08
1,1148.8,844.9,0,,2.72719e+08
1,1150.6,828,0,,2.72719e+08
1,1143.6,794.7,0,,2.72719e+08
1,918.5,577.3,0,,2.72719e+08
1,873.6,505.1,0,,2.72719e+08
1,872.4,504.1,0,,2.72719e+08
1,855.5,486.9,0,,2.72719e+08
1,854.5,487,0,,2.72719e+08
1,855.1,492.5,0,,2.7272e+08
1,841.8,491.8,0,,2.7272e+08
1,840.8,481.1,0,,2.7272e+08
1,841.3,483.7,0,,2.7272e+08
1,862.6,447.3,0,,2.7272e+08
1,879.8,413.8,0,,2.7272e+08
1,885.8,402.9,0,,2.7272e+08
1,885.8,402.9,0,,2.7272e+08
1,891.5,396.8,0,,2.7272e+08
1,893.3,398.3,0,,2.7272e+08
1,892.5,400.4,0,,2.7272e+08
1,899,396,0,,2.7272e+08
1,898.5,396.8,0,,2.7272e+08
1,898.5,398.7,0,,2.7272e+08
1,898.5,398.7,0,,2.7272e+08
1,881.2,394.8,0,,2.7272e+08
1,870.8,400.5,0,,2.7272e+08
1,812.4,404.6,0,,2.7272e+08
1,724.2,382.2,0,,2.7272e+08
1,724.2,382.2,0,,2.7272e+08
1,754.3,428.4,0,,2.7272e+08
1,748.4,425.6,0,,2.7272e+08
1,743.6,417.3,0,,2.7272e+08
1,743.6,417.3,0,,2.7272e+08
1,744.4,414.9,0,,2.7272e+08
1,738.8,407.4,0,,2.7272e+08
1,739.4,406.6,0,,2.7272e+08
1,735.4,402,0,,2.7272e+08
1,735.4,402,0,,2.7272e+08
1,735.4,402.4,0,,2.7272e+08
1,735.1,404.5,0,,2.7272e+08
1,735.9,407,0,,2.7272e+08
1,735.9,407.6,0,,2.7272e+08
1,735.9,407.6,0,,2.7272e+08
1,735.9,407.6,0,,2.7272e+08
1,735.9,407.6,0,,2.7272e+08
2,735.9,407.6,0,,2.7272e+08
2,735.9,407.6,0,,2.7272e+08
2,735.9,407.6,0,,2.7272e+08
2,574.3,611.3,0,,2.7272e+08
2,680,594,0,,2.7272e+08
2,709.7,557.8,0,,2.7272e+08
2,724.5,538.7,0,,2.7272e+08
2,724.5,538.7,0,,2.7272e+08
2,714.2,488.2,0,,2.7272e+08
2,714.2,488.2,0,,2.7272e+08
2,714.2,488.2,0,,2.7272e+08
2,738.1,495.8,0,,2.7272e+08
2,738.1,495.8,0,,2.7272e+08
2,772.7,453.6,0,,2.7272e+08
2,772.5,462.3,0,,2.7272e+08
2,772.5,462.3,0,,2.7272e+08
2,756.5,503.9,0,,2.7272e+08
2,756.5,503.9,0,,2.7272e+08
2,762,503.3,0,,2.7272e+08
2,762,503.3,0,,2.7272e+08
2,762,503.3,0,,2.7272e+08
2,758.5,534.9,0,,2.7272e+08
2,758.3,533,0,,2.7272e+08
2,758.3,533,0,,2.7272e+08
2,758.3,533,0,,2.7272e+08
2,760.2,521,0,,2.72721e+08
2,760.4,519.9,0,,2.72721e+08
2,1102.5,546.1,0,,2.72721e+08
2,1256.6,556.3,0,,2.72721e+08
2,1311.4,560.8,0,,2.72721e+08
2,1324.3,561.3,0,,2.72721e+08
2,1330.5,561.2,0,,2.72721e+08
2,1340.9,550.8,0,,2.72721e+08
2,1340.3,547.7,0,,2.72721e+08
2,1341,545.6,0,,2.72721e+08
2,1340.1,551.9,0,,2.72721e+08
2,1349.8,544.4,0,,2.72721e+08
2,1349.8,544.4,0,,2.72721e+08
2,1355.1,545.3,0,,2.72721e+08
2,1340.6,538,0,,2.72721e+08
2,1336.4,533.6,0,,2.72721e+08
2,1347.2,548.2,0,,2.72721e+08
2,1363.3,547.2,0,,2.72721e+08
2,1423.5,545,0,,2.72721e+08
2,1441.8,543,0,,2.72721e+08
2,1469.5,540.9,0,,2.72721e+08
2,1469.5,540.9,0,,2.72721e+08
2,1469.5,540.9,0,,2.72721e+08
2,1497.8,539.5,0,,2.72721e+08
2,1502.8,537.7,0,,2.72721e+08
2,1502.8,537.7,0,,2.72721e+08
2,1506.7,534.7,0,,2.72721e+08
2,1509.3,530,0,,2.72721e+08
2,1509.3,530,0,,2.72721e+08
2,1525.9,520.4,0,,2.72721e+08
2,1525.9,520.4,0,,2.72721e+08
2,1522.6,524.3,0,,2.72721e+08
2,1524,524.3,0,,2.72721e+08
2,1524,524.3,0,,2.72721e+08
2,1516.7,537.4,0,,2.72721e+08
2,1457.4,579.2,0,,2.72721e+08
2,1338.3,557.9,0,,2.72721e+08
2,1208.3,552.3,0,,2.72721e+08
2,950.1,589.1,0,,2.72721e+08
2,950.1,589.1,0,,2.72721e+08
2,902.3,593.1,0,,2.72721e+08
2,578.3,650.5,0,,2.72721e+08
2,562,653.2,0,,2.72721e+08
2,556.7,656,0,,2.72721e+08
2,542.1,647.6,0,,2.72721e+08
2,533.9,646.1,0,,2.72721e+08
2,520.1,640.9,0,,2.72721e+08
2,488.1,632.9,0,,2.72721e+08
2,488.1,632.9,0,,2.72721e+08
2,459.1,624.6,0,,2.72721e+08
2,403.7,605.5,0,,2.72721e+08
2,346.4,585.2,0,,2.72721e+08
2,346.4,585.2,0,,2.72721e+08
2,347.4,583.3,0,,2.72721e+08
2,347.2,582.4,0,,2.72721e+08
2,340.2,573,0,,2.72721e+08
2,338.1,567.7,0,,2.72721e+08
2,344.6,591.8,0,,2.72721e+08
2,344.6,591.8,0,,2.72721e+08
2,337.9,584,0,,2.72721e+08
2,993.3,587.3,0,,2.72722e+08
2,1148.2,587.8,0,,2.72722e+08
2,1200.9,592.5,0,,2.72722e+08
2,1215.4,590.5,0,,2.72722e+08
2,1255.7,591.2,0,,2.72722e+08
2,1311.2,576.7,0,,2.72722e+08
2,1311.2,576.7,0,,2.72722e+08
2,1321.6,575.3,0,,2.72722e+08
2,1321.6,572.2,0,,2.72722e+08
2,1328.3,590.6,0,,2.72722e+08
2,1316.5,566.2,0,,2.72722e+08
2,1318.1,566.1,0,,2.72722e+08
2,1327.1,564.3,0,,2.72722e+08
2,1328.9,563.2,0,,2.72722e+08
2,1348.6,578.4,0,,2.72722e+08
2,1348.6,578.4,0,,2.72722e+08
2,1334.4,571.7,0,,2.72722e+08
2,1340,581.8,0,,2.72722e+08
2,1355.6,597.3,0,,2.72722e+08
2,1344.2,585.2,0,,2.72722e+08
2,1360.3,590.8,0,,2.72722e+08
2,1361.6,572.7,0,,2.72722e+08
2,1361.6,572.7,0,,2.72722e+08
2,1388.4,580,0,,2.72722e+08
2,1421.8,591.1,0,,2.72722e+08
2,1459.8,590,0,,2.72722e+08
2,1486.3,564.9,0,,2.72722e+08
2,1491.4,574.6,0,,2.72722e+08
2,1493.6,587.4,0,,2.72722e+08
2,1504.4,567.3,0,,2.72722e+08
2,1528.7,584.5,0,,2.72722e+08
2,1523.1,581.9,0,,2.72722e+08
2,1514.9,558.9,0,,2.72722e+08
2,1514.9,558.9,0,,2.72722e+08
2,1494.9,586.8,0,,2.72722e+08
2,1504,593.9,0,,2.72722e+08
2,1507.6,589.3,0,,2.72722e+08
2,1493.5,589.4,0,,2.72722e+08
2,1489.7,589.5,0,,2.72722e+08
2,1490.8,585.8,0,,2.72722e+08
2,1500,565.1,0,,2.72722e+08
2,1489.7,564.7,0,,2.72722e+08
2,1489.7,564.7,0,,2.72722e+08
2,1467.2,586.2,0,,2.72722e+08
2,1468.3,582.6,0,,2.72722e+08
2,1360.5,586.5,0,,2.72722e+08
2,1299.9,588.6,0,,2.72722e+08
2,924.4,642.2,0,,2.72722e+08
2,651.3,686.2,0,,2.72722e+08
2,590.7,690.7,0,,2.72722e+08
2,512.8,699.3,0,,2.72722e+08
2,512.8,699.3,0,,2.72722e+08
2,381.8,706.1,0,,2.72722e+08
2,381.5,710.2,0,,2.72722e+08
2,403.9,720,0,,2.72722e+08
2,401.8,722.6,0,,2.72722e+08
2,401.8,722.6,0,,2.72722e+08
2,367.5,742,0,,2.72722e+08
2,344.9,744.7,0,,2.72722e+08
2,312.1,747.4,0,,2.72723e+08
2,312.1,747.4,0,,2.72723e+08
2,319.6,752.4,0,,2.72723e+08
2,303.3,746.1,0,,2.72723e+08
2,303.3,746.1,0,,2.72723e+08
2,293.5,747,0,,2.72723e+08
2,291.4,745.2,0,,2.72723e+08
2,292.9,744.6,0,,2.72723e+08
2,298.4,743.1,0,,2.72723e+08
2,299.9,744.2,0,,2.72723e+08
2,299.9,744.2,0,,2.72723e+08
2,300,728.3,0,,2.72723e+08
2,303.3,724.7,0,,2.72723e+08
2,303.3,724.7,0,,2.72723e+08
2,313.2,722.9,0,,2.72723e+08
2,323.1,714.2,0,,2.72723e+08
2,327.1,711.2,0,,2.72723e+08
2,333.4,713,0,,2.72723e+08
2,329.9,714.5,0,,2.72723e+08
2,329.9,714.5,0,,2.72723e+08
2,343.8,696.4,0,,2.72723e+08
2,344.4,696.3,0,,2.72723e+08
2,347.8,691,0,,2.72723e+08
2,347.9,691,0,,2.72723e+08
2,348,693.5,0,,2.72723e+08
2,348.1,696,0,,2.72723e+08
2,357.7,705,0,,2.72723e+08
2,361.6,706.3,0,,2.72723e+08
2,361.6,706.3,0,,2.72723e+08
2,361.5,705.6,0,,2.72723e+08
2,367.4,698.3,0,,2.72723e+08
2,369.3,693.2,0,,2.72723e+08
2,379,696.3,0,,2.72723e+08
2,426.5,709.4,0,,2.72723e+08
2,453,706.7,0,,2.72723e+08
2,485.8,704.5,0,,2.72723e+08
2,518.6,679.4,0,,2.72723e+08
2,518.6,679.4,0,,2.72723e+08
2,521.5,697.1,0,,2.72723e+08
2,527.6,690.5,0,,2.72723e+08
2,536.4,692.6,0,,2.72723e+08
2,533.1,692.3,0,,2.72723e+08
2,547.3,696.9,0,,2.72723e+08
2,641.4,694,0,,2.72723e+08
2,659.1,689.4,0,,2.72723e+08
2,673.6,687.8,0,,2.72723e+08
2,673.6,687.8,0,,2.72723e+08
2,684,688.1,0,,2.72723e+08
2,685.2,687.3,0,,2.72723e+08
2,687.4,689.5,0,,2.72723e+08
2,694.9,700.6,0,,2.72723e+08
2,696.1,701.5,0,,2.72723e+08
2,699.8,705.1,0,,2.72723e+08
2,697.4,680.2,0,,2.72723e+08
2,698,680.9,0,,2.72723e+08
2,698,680.9,0,,2.72723e+08
2,714.5,666.1,0,,2.72723e+08
2,730.8,650.5,0,,2.72723e+08
2,823.4,641.9,0,,2.72723e+08
2,912.4,631.9,0,,2.72723e+08
2,1016.8,628.6,0,,2.72724e+08
2,1106.4,629.6,0,,2.72724e+08
2,1111.3,623,0,,2.72724e+08
2,1116.7,625.9,0,,2.72724e+08
2,1116.7,625.9,0,,2.72724e+08
2,1132.2,615,0,,2.72724e+08
2,1132.2,615.1,0,,2.72724e+08
2,1126.1,617.7,0,,2.72724e+08
2,1129.1,626.1,0,,2.72724e+08
2,1120,627.7,0,,2.72724e+08
2,1098.7,627.5,0,,2.72724e+08
2,1103.8,630.8,0,,2.72724e+08
2,1096.6,632.5,0,,2.72724e+08
2,1096.6,632.5,0,,2.72724e+08
2,1039.3,620,0,,2.72724e+08
2,1039,618.7,0,,2.72724e+08
2,1030.5,626,0,,2.72724e+08
2,1023.7,636.2,0,,2.72724e+08
2,1021.3,639.9,0,,2.72724e+08
2,1021.3,639.9,0,,2.72724e+08
2,1030.8,643.8,0,,2.72724e+08
2,1034,642.2,0,,2.72724e+08
2,1229.9,646.4,0,,2.72724e+08
2,1231.9,646.4,0,,2.72724e+08
2,1231.9,646.4,0,,2.72724e+08
2,1246.4,645.2,0,,2.72724e+08
2,1247.6,641.7,0,,2.72724e+08
2,1248,639.7,0,,2.72724e+08
2,1250.6,634.9,0,,2.72724e+08
2,1242.6,621.5,0,,2.72724e+08
2,1242.3,621,0,,2.72724e+08
2,1242.3,621,0,,2.72724e+08
2,1259.3,615.8,0,,2.72724e+08
2,1253,619.2,0,,2.72724e+08
2,1270,626,0,,2.72724e+08
2,1274.4,628.3,0,,2.72724e+08
2,1279.4,630.3,0,,2.72724e+08
2,1287.1,624.9,0,,2.72724e+08
2,1285.6,626.3,0,,2.72724e+08
2,1328.9,629.1,0,,2.72724e+08
2,1328.9,629.1,0,,2.72724e+08
2,1364,630.3,0,,2.72724e+08
2,1367.1,645.3,0,,2.72724e+08
2,1375.1,647.8,0,,2.72724e+08
2,1388.1,640.5,0,,2.72724e+08
2,1406.6,655.9,0,,2.72724e+08
2,1412.1,650.8,0,,2.72724e+08
2,1410.1,647.9,0,,2.72724e+08
2,1409.2,646.7,0,,2.72724e+08
2,1409.2,646.7,0,,2.72724e+08
2,1397.4,636.6,0,,2.72724e+08
2,1393.5,634.4,0,,2.72724e+08
2,1395.7,632.2,0,,2.72724e+08
2,1395.7,632.2,0,,2.72724e+08
2,1395.5,634.9,0,,2.72724e+08
2,1400.2,635.7,0,,2.72724e+08
2,1401.9,639.5,0,,2.72724e+08
2,1407.3,645.9,0,,2.72724e+08
2,1407.3,645.9,0,,2.72724e+08
2,1412.5,651.1,0,,2.72724e+08
2,1431.4,650.9,0,,2.72725e+08
2,1471.5,648.7,0,,2.72725e+08
2,1502,659,0,,2.72725e+08
2,1507.1,660.4,0,,2.72725e+08
2,1511.9,653.8,0,,2.72725e+08
3,1511.9,653.8,0,,2.72725e+08
3,1511.9,653.8,0,,2.72725e+08
3,1495.9,669.4,0,,2.72725e+08
3,1495.9,669.4,0,,2.72725e+08
3,1493,671.9,0,,2.72725e+08
3,339.2,717.5,0,,2.72725e+08
3,340.7,748.9,0,,2.72725e+08
3,343.7,750.5,0,,2.72725e+08
3,343.7,750.5,0,,2.72725e+08
3,347,750.3,0,,2.72725e+08
3,355.4,757.4,0,,2.72725e+08
3,355.4,757.4,0,,2.72725e+08
3,367.2,769.5,0,,2.72725e+08
3,361.7,768.5,0,,2.72725e+08
3,302.5,750.9,0,,2.72725e+08
3,286.6,747.4,0,,2.72725e+08
3,281.1,747.2,0,,2.72725e+08
3,275.8,746.2,0,,2.72725e+08
3,272.4,746.1,0,,2.72725e+08
3,271.1,748.8,0,,2.72725e+08
3,271.1,748.8,0,,2.72725e+08
3,276.8,758.5,0,,2.72725e+08
3,281.2,762,0,,2.72725e+08
3,283.6,761.3,0,,2.72725e+08
3,287.7,765.3,0,,2.72725e+08
3,288.2,765,0,,2.72725e+08
3,291.1,761.7,0,,2.72725e+08
3,303.3,758.5,0,,2.72725e+08
3,308.4,775.8,0,,2.72725e+08
3,308.4,775.8,0,,2.72725e+08
3,519.4,797.2,0,,2.72725e+08
3,529.5,795.5,0,,2.72725e+08
3,592.9,766,0,,2.72725e+08
3,648.1,773.8,0,,2.72725e+08
3,695.2,737.4,0,,2.72725e+08
3,698.2,743.4,0,,2.72725e+08
3,697.5,746,0,,2.72725e+08
3,705.9,761.3,0,,2.72725e+08
3,705.9,761.3,0,,2.72725e+08
3,707.3,787.1,0,,2.72725e+08
3,707.2,785,0,,2.72725e+08
3,707.1,779.5,0,,2.72725e+08
3,701.3,772.3,0,,2.72725e+08
3,694.1,763.8,0,,2.72725e+08
3,692.2,760.5,0,,2.72725e+08
3,691,758,0,,2.72725e+08
3,685.7,758.2,0,,2.72725e+08
3,685.7,758.2,0,,2.72725e+08
3,678.6,762.4,0,,2.72725e+08
3,672.8,771.2,0,,2.72725e+08
3,672.7,770.4,0,,2.72725e+08
3,668.3,768.2,0,,2.72725e+08
3,667.4,768.1,0,,2.72725e+08
3,669.2,767.6,0,,2.72725e+08
3,671.3,767.5,0,,2.72725e+08
3,684.8,770.7,0,,2.72726e+08
3,684.8,770.7,0,,2.72726e+08
3,754.6,776.9,0,,2.72726e+08
3,1052.9,726.2,0,,2.72726e+08
3,1172,705.2,0,,2.72726e+08
3,1218.3,701.9,0,,2.72726e+08
3,1354.2,671.7,0,,2.72726e+08
3,1350,674.4,0,,2.72726e+08
3,1350,674.4,0,,2.72726e+08
3,1354.4,679.5,0,,2.72726e+08
3,1354.4,679.5,0,,2.72726e+08
3,1386.8,726.4,0,,2.72726e+08
3,1386.8,726.4,0,,2.72726e+08
3,1392.1,706.1,0,,2.72726e+08
3,1398.5,716.6,0,,2.72726e+08
3,1403.3,705.5,0,,2.72726e+08
3,1430.2,634.1,0,,2.72726e+08
3,1431.5,633.1,0,,2.72726e+08
3,1432.3,630.4,0,,2.72726e+08
3,1432.3,630.4,0,,2.72726e+08
3,1431,631.4,0,,2.72726e+08
3,1432.1,630.9,0,,2.72726e+08
3,1430.9,630.4,0,,2.72726e+08
3,1428.4,630,0,,2.72726e+08
3,1403,644.2,0,,2.72726e+08
3,1327.9,632.8,0,,2.72726e+08
3,1323.8,634.8,0,,2.72726e+08
3,1313.9,634.8,0,,2.72726e+08
3,1309,635.4,0,,2.72726e+08
3,1309,635.4,0,,2.72726e+08
3,1294.3,639,0,,2.72726e+08
3,1290.5,648.8,0,,2.72726e+08
3,1285.5,658.9,0,,2.72726e+08
3,1290.4,651.4,0,,2.72726e+08
3,1291.5,649.3,0,,2.72726e+08
3,1293.9,646.5,0,,2.72726e+08
3,1296.3,640.5,0,,2.72726e+08
3,1307.4,653.4,0,,2.72726e+08
3,1318.7,664.4,0,,2.72726e+08
3,1316.3,643.4,0,,2.72726e+08
3,1335.9,628.1,0,,2.72726e+08
3,1365,587.1,0,,2.72726e+08
3,1364.4,589.3,0,,2.72726e+08
3,1370.6,578.9,0,,2.72726e+08
3,1371.7,580.4,0,,2.72726e+08
3,1372.9,580.8,0,,2.72726e+08
3,1372.9,580.8,0,,2.72726e+08
3,1381.4,567,0,,2.72726e+08
3,1383.9,569.6,0,,2.72726e+08
3,1387.3,572.4,0,,2.72726e+08
3,1385,563.9,0,,2.72726e+08
3,1385.8,562.4,0,,2.72726e+08
3,1384,573.6,0,,2.72726e+08
3,1384,573.6,0,,2.72726e+08
3,1384,573.6,0,,2.72726e+08
3,1384,573.6,0,,2.72726e+08
3,1317,596.5,0,,2.72726e+08
3,1317,596.5,0,,2.72726e+08
4,1314.2,597.6,0,,2.72726e+08
4,1314.2,597.6,0,,2.72726e+08
4,860,521,0,,2.72726e+08
4,860,521,0,,2.72726e+08
4,659.6,499.5,0,,2.72727e+08
4,664.2,505.3,0,,2.72727e+08
4,669.6,506.8,0,,2.72727e+08
4,668.6,507,0,,2.72727e+08
4,668.6,507,0,,2.72727e+08
4,658.9,535.8,0,,2.72727e+08
4,658.9,535.8,0,,2.72727e+08
4,657.9,535.3,0,,2.72727e+08
4,664,543.3,0,,2.72727e+08
4,664,543.3,0,,2.72727e+08
4,664,543.3,0,,2.72727e+08
4,664,543.3,0,,2.72727e+08
4,706.4,537.5,0,,2.72727e+08
4,708.4,521.4,0,,2.72727e+08
4,708.4,521.4,0,,2.72727e+08
4,703.1,501.4,0,,2.72727e+08
4,703.1,501.4,0,,2.72727e+08
4,701,499.5,0,,2.72727e+08
4,666.5,486.4,0,,2.72727e+08
4,551.6,464.3,0,,2.72727e+08
4,551.6,464.3,0,,2.72727e+08
4,458.5,445.8,0,,2.72727e+08
4,390.6,426.1,0,,2.72727e+08
4,387.8,426.6,0,,2.72727e+08
4,385,423.7,0,,2.72727e+08
4,387.7,427.6,0,,2.72727e+08
4,388.4,428.4,0,,2.72727e+08
4,388.4,428.4,0,,2.72727e+08
4,389.5,425.2,0,,2.72727e+08
4,385.6,422.8,0,,2.72727e+08
4,375.7,426,0,,2.72727e+08
4,367,423.2,0,,2.72727e+08
4,351.9,420.1,0,,2.72727e+08
4,335,424.8,0,,2.72727e+08
4,332.3,427.6,0,,2.72727e+08
4,334,420.7,0,,2.72727e+08
4,332.2,412.3,0,,2.72727e+08
4,322.2,391.6,0,,2.72727e+08
4,322.2,391.6,0,,2.72727e+08
4,430.7,415.2,0,,2.72727e+08
4,538.9,438,0,,2.72727e+08
4,766.2,471.3,0,,2.72727e+08
4,827.9,486.1,0,,2.72727e+08
4,1006.2,528.6,0,,2.72727e+08
4,1090.1,548.6,0,,2.72727e+08
4,1122.6,553.2,0,,2.72727e+08
4,1122.6,553.2,0,,2.72727e+08
3,1122.6,553.2,0,,2.72727e+08
3,1122.6,553.2,0,,2.72727e+08
3,1122.6,553.2,0,,2.72727e+08
3,1122.6,553.2,0,,2.72727e+08
3,1122.6,553.2,0,,2.72727e+08
3,1122.6,553.2,0,,2.72727e+08
3,1000.5,658,0,,2.72727e+08
3,978.7,530,0,,2.72727e+08
3,978.7,530,0,,2.72727e+08
3,963.9,520.5,0,,2.72727e+08
3,898.2,493.8,0,,2.72727e+08
3,797.5,436.5,0,,2.72728e+08
3,797.5,436.5,0,,2.72728e+08
3,797.5,436.5,0,,2.72728e+08
3,797.5,436.5,0,,2.72728e+08
3,797.5,436.5,0,,2.72728e+08
3,797.5,436.5,0,,2.72728e+08
3,797.5,436.5,0,,2.72728e+08
3,797.5,436.5,0,,2.72728e+08
3,797.5,436.5,0,,2.72728e+08
3,797.5,436.5,0,,2.72728e+08
4,503.1,441.6,0,,2.72728e+08
4,499.5,422.1,0,,2.72728e+08
4,496.1,399.8,0,,2.72728e+08
4,493.8,401.9,0,,2.72728e+08
4,492.4,394.3,0,,2.72728e+08
4,499.4,390.5,0,,2.72728e+08
4,499.4,390.5,0,,2.72728e+08
4,502.3,393.6,0,,2.72728e+08
4,526.6,396.2,0,,2.72728e+08
4,575.3,390.7,0,,2.72728e+08
4,588.7,393.3,0,,2.72728e+08
4,647.9,392.1,0,,2.72728e+08
4,650,396.7,0,,2.72728e+08
4,651,399.4,0,,2.72728e+08
4,651.3,400.7,0,,2.72728e+08
4,651.3,400.7,0,,2.72728e+08
4,652.7,404.6,0,,2.72728e+08
4,653.3,408.9,0,,2.72728e+08
5,653.2,411.2,0,,2.72728e+08
5,653.8,407.9,0,,2.72728e+08
5,653.5,409.8,0,,2.72728e+08
5,653.6,409.7,0,,2.72728e+08
5,653.3,411.4,0,,2.72728e+08
5,651.6,409.4,0,,2.72728e+08
5,651.6,409.4,0,,2.72728e+08
5,612.1,420.5,0,,2.72728e+08
5,431.6,419.8,0,,2.72728e+08
5,431.6,419.8,0,,2.72728e+08
5,379.5,416.7,0,,2.72728e+08
5,372.1,415.3,0,,2.72728e+08
5,346.6,412.1,0,,2.72728e+08
5,346.8,413.3,0,,2.72728e+08
5,346.2,411.7,0,,2.72728e+08
5,346.2,411.7,0,,2.72728e+08
5,348.9,404.3,0,,2.72728e+08
5,350.1,398.4,0,,2.72728e+08
5,349.1,409.6,0,,2.72728e+08
5,349.2,414.2,0,,2.72728e+08
5,355.7,426.1,0,,2.72728e+08
5,355.9,427.1,0,,2.72728e+08
5,360.2,426.8,0,,2.72728e+08
4,360.2,426.8,0,,2.72728e+08
4,360.2,426.8,0,,2.72728e+08
4,360.2,426.8,0,,2.72728e+08
4,360.2,426.8,0,,2.72728e+08
4,409.7,489.2,0,,2.72728e+08
4,409.7,489.2,0,,2.72728e+08
4,409.7,489.2,0,,2.72728e+08
4,737.7,642.6,0,,2.72728e+08
4,738.3,590.5,0,,2.72728e+08
4,737.1,594.7,0,,2.72729e+08
4,730.6,614.9,0,,2.72729e+08
4,727.7,604,0,,2.72729e+08
4,730,578.1,0,,2.72729e+08
4,729.8,578.7,0,,2.72729e+08
4,728,582.3,0,,2.72729e+08
4,725,591.1,0,,2.72729e+08
3,724.8,592.3,0,,2.72729e+08
3,726.9,616.8,0,,2.72729e+08
3,726.3,618.3,0,,2.72729e+08
3,726.3,618.3,0,,2.72729e+08
3,735.9,612.9,0,,2.72729e+08
3,783.5,591.3,0,,2.72729e+08
3,838.1,543.6,0,,2.72729e+08
3,842,538.8,0,,2.72729e+08
3,860.3,525.7,0,,2.72729e+08
3,861,523.3,0,,2.72729e+08
3,861.3,521.7,0,,2.72729e+08
3,863.9,514.6,0,,2.72729e+08
3,861.5,517.2,0,,2.72729e+08
3,863.3,513,0,,2.72729e+08
3,861.5,512.8,0,,2.72729e+08
3,863.2,508.8,0,,2.72729e+08
3,863.1,512,0,,2.72729e+08
3,862.9,512.1,0,,2.72729e+08
3,862.4,517.6,0,,2.72729e+08
3,859.4,517.4,0,,2.72729e+08
3,855.8,516.9,0,,2.72729e+08
3,855.8,516.9,0,,2.72729e+08
3,849.1,506.7,0,,2.72729e+08
3,843.9,498.7,0,,2.72729e+08
3,809.3,440.8,0,,2.72729e+08
3,809.3,440.8,0,,2.72729e+08
3,811,443.5,0,,2.72729e+08
3,804.5,434.2,0,,2.72729e+08
3,802.3,435,0,,2.72729e+08
4,800.6,434.7,0,,2.72729e+08
4,800.6,434.7,0,,2.72729e+08
4,800.6,434.7,0,,2.72729e+08
4,800.3,434,0,,2.72729e+08
4,801.2,417.4,0,,2.72729e+08
4,803.1,412.7,0,,2.72729e+08
4,803.4,416.9,0,,2.72729e+08
4,803.1,430.6,0,,2.72729e+08
4,801.9,424.8,0,,2.72729e+08
4,801,434.9,0,,2.72729e+08
4,800.5,434.9,0,,2.72729e+08
4,801.5,429.3,0,,2.72729e+08
4,802.5,419.7,0,,2.72729e+08
4,803.7,424.9,0,,2.72729e+08
4,803.1,426.9,0,,2.72729e+08
4,799,439.1,0,,2.72729e+08
4,799.5,441.7,0,,2.72729e+08
4,799.7,440.7,0,,2.72729e+08
4,799.7,440.7,0,,2.72729e+08
4,797,436.4,0,,2.72729e+08
4,796.4,434.1,0,,2.72729e+08
4,795.8,428.7,0,,2.72729e+08
4,794.6,412.5,0,,2.72729e+08
4,795.6,411.1,0,,2.72729e+08
4,789.2,415.1,0,,2.7273e+08
4,767.3,424.5,0,,2.7273e+08
4,756.6,423.3,0,,2.7273e+08
4,748.1,424.2,0,,2.7273e+08
4,739.1,425.8,0,,2.7273e+08
4,736.6,425.1,0,,2.7273e+08
4,729.3,420.8,0,,2.7273e+08
4,725.9,411.1,0,,2.7273e+08
4,730,410.8,0,,2.7273e+08
4,732.2,409.9,0,,2.7273e+08
4,735.5,407.5,0,,2.7273e+08
4,736.6,406.7,0,,2.7273e+08
4,736.5,405.4,0,,2.7273e+08
4,736.5,405.4,0,,2.7273e+08
4,734.9,405.5,0,,2.7273e+08
4,732.7,419,0,,2.7273e+08
4,731,423,0,,2.7273e+08
4,732.6,428.2,0,,2.7273e+08
5,734.1,427.8,0,,2.7273e+08
5,744.6,426.5,0,,2.7273e+08
5,747.7,425.8,0,,2.7273e+08
5,802.4,426.2,0,,2.7273e+08
5,802.4,426.2,0,,2.7273e+08
5,833.4,424,0,,2.7273e+08
5,868.5,427.7,0,,2.7273e+08
5,877.1,428.4,0,,2.7273e+08
5,875.8,425.5,0,,2.7273e+08
5,877.8,434.8,0,,2.7273e+08
5,877.8,435.5,0,,2.7273e+08
5,877.4,433.5,0,,2.7273e+08
5,882.9,422.7,0,,2.7273e+08
5,882.9,422.7,0,,2.7273e+08
5,876.6,423,0,,2.7273e+08
5,875.3,418.5,0,,2.7273e+08
5,875.4,419.5,0,,2.7273e+08
5,875.8,421.5,0,,2.7273e+08
5,874.7,424,0,,2.7273e+08
5,874.7,424,0,,2.7273e+08
5,874.4,431.1,0,,2.7273e+08
5,875.6,431.1,0,,2.7273e+08
5,880,416.2,0,,2.7273e+08
5,886.3,400,0,,2.7273e+08
5,896.8,483.6,0,,2.7273e+08
5,894.6,440.5,0,,2.7273e+08
5,907.4,514.1,0,,2.7273e+08
5,916,528.4,0,,2.7273e+08
5,921.9,538.4,0,,2.7273e+08
5,924.4,537.6,0,,2.7273e+08
5,925.9,539.6,0,,2.7273e+08
5,944.3,561.8,0,,2.7273e+08
5,946.7,562.5,0,,2.7273e+08
5,948,564.7,0,,2.7273e+08
5,956.1,569.5,0,,2.7273e+08
6,956,571.4,0,,2.7273e+08
6,958.2,569.3,0,,2.7273e+08
6,960.3,570.1,0,,2.7273e+08
6,963.8,568.6,0,,2.7273e+08
6,963.8,568.6,0,,2.7273e+08
6,963.8,568.6,0,,2.7273e+08
6,957.4,571.5,0,,2.72731e+08
6,956.7,578.2,0,,2.72731e+08
6,957.2,581.2,0,,2.72731e+08
6,958.1,578.4,0,,2.72731e+08
6,996,569.6,0,,2.72731e+08
6,1033.9,560,0,,2.72731e+08
6,1121.5,545.7,0,,2.72731e+08
6,1134.6,543.5,0,,2.72731e+08
6,1134.6,543.5,0,,2.72731e+08
6,1198.3,543.3,0,,2.72731e+08
6,1209.4,542.9,0,,2.72731e+08
6,1204.7,554.8,0,,2.72731e+08
6,1206.2,553.8,0,,2.72731e+08
6,1207.3,563.8,0,,2.72731e+08
6,1206.7,569.1,0,,2.72731e+08
6,1206.9,570.9,0,,2.72731e+08
6,1199.6,561,0,,2.72731e+08
6,1199.6,561,0,,2.72731e+08
6,1199,560.3,0,,2.72731e+08
6,1192.1,567.1,0,,2.72731e+08
6,1192.2,552.5,0,,2.72731e+08
6,1171.1,564,0,,2.72731e+08
6,1157.4,572.3,0,,2.72731e+08
6,1146.8,544.8,0,,2.72731e+08
6,1144.2,546.6,0,,2.72731e+08
6,1138.4,545.4,0,,2.72731e+08
6,1133.1,548.6,0,,2.72731e+08
6,1129.7,554,0,,2.72731e+08
6,1130.5,549.4,0,,2.72731e+08
6,1128.9,551.9,0,,2.72731e+08
7,1128.8,554.5,0,,2.72731e+08
7,1122.6,557.4,0,,2.72731e+08
7,1122.6,557.4,0,,2.72731e+08
7,1122,558.1,0,,2.72731e+08
7,1121,556.8,0,,2.72731e+08
7,1121,556.8,0,,2.72731e+08
7,1121.6,556.1,0,,2.72731e+08
7,1125.8,553.3,0,,2.72731e+08
7,1125.8,553.3,0,,2.72731e+08
7,1021.5,566.7,0,,2.72731e+08
7,957.7,578.1,0,,2.72731e+08
7,798.3,616.2,0,,2.72731e+08
7,763.5,622.6,0,,2.72731e+08
7,763.5,622.6,0,,2.72731e+08
7,763.5,622.6,0,,2.72731e+08
7,763.5,622.6,0,,2.72731e+08
7,601.1,692.6,0,,2.72731e+08
7,611.8,696.1,0,,2.72731e+08
7,616.8,704.4,0,,2.72731e+08
7,615.8,708.7,0,,2.72731e+08
7,616.8,726,0,,2.72731e+08
7,616.4,717.7,0,,2.72731e+08
7,616.4,717.7,0,,2.72731e+08
7,616.4,717.7,0,,2.72731e+08
7,631.8,710.7,0,,2.72731e+08
7,631.8,710.7,0,,2.72731e+08
7,637,709.1,0,,2.72731e+08
7,637,709.7,0,,2.72731e+08
7,639.4,716.6,0,,2.72731e+08
7,644.3,728,0,,2.72731e+08
7,644.1,715,0,,2.72731e+08
8,652.6,690.8,0,,2.72732e+08
8,652.9,686.7,0,,2.72732e+08
8,653.1,666.6,0,,2.72732e+08
8,654.4,669,0,,2.72732e+08
8,649.4,688.6,0,,2.72732e+08
8,647.8,698.8,0,,2.72732e+08
8,648.7,705.6,0,,2.72732e+08
8,647.5,710.8,0,,2.72732e+08
8,647.5,710.8,0,,2.72732e+08
8,648.4,714.2,0,,2.72732e+08
8,648.4,714.2,0,,2.72732e+08
8,648.4,714.2,0,,2.72732e+08
8,658.6,722,0,,2.72732e+08
8,658.6,722,0,,2.72732e+08
8,1125.3,700.3,0,,2.72732e+08
8,1158.9,698.2,0,,2.72732e+08
8,1200,675.8,0,,2.72732e+08
8,1200,671.1,0,,2.72732e+08
8,1200,671.1,0,,2.72732e+08
8,1216.5,630.7,0,,2.72732e+08
8,1214.1,633.1,0,,2.72732e+08
8,1209.3,636.7,0,,2.72732e+08
8,1200.5,661.8,0,,2.72732e+08
8,1198.6,668,0,,2.72732e+08
8,1198.7,666.4,0,,2.72732e+08
9,1198.4,664.9,0,,2.72732e+08
9,1197.4,668.3,0,,2.72732e+08
9,1198.6,660.7,0,,2.72732e+08
9,1198.3,663.7,0,,2.72732e+08
9,1198.2,669.8,0,,2.72732e+08
9,1203,683.7,0,,2.72732e+08
9,1219.3,704.1,0,,2.72732e+08
9,1243,721.4,0,,2.72732e+08
9,1260.1,729.7,0,,2.72732e+08
9,1264.7,732.7,0,,2.72732e+08
9,1299.5,744.9,0,,2.72732e+08
9,1330.9,757.9,0,,2.72732e+08
9,1330.9,757.9,0,,2.72732e+08
9,1328.5,770.3,0,,2.72732e+08
9,1328.6,763.4,0,,2.72732e+08
9,1328.6,763.4,0,,2.72732e+08
9,1322,757.7,0,,2.72732e+08
9,1314.4,751.9,0,,2.72732e+08
9,1321.2,750.6,0,,2.72732e+08
9,1328.1,774.1,0,,2.72732e+08
9,1328.1,774.1,0,,2.72732e+08
9,1308.7,768.3,0,,2.72732e+08
9,1310.9,760.2,0,,2.72732e+08
9,1256.5,741.7,0,,2.72732e+08
9,1135.6,645.8,0,,2.72732e+08
9,1124.4,634.6,0,,2.72732e+08
9,1114.7,627.3,0,,2.72732e+08
9,1110.3,626.6,0,,2.72732e+08
9,1107.7,628.2,0,,2.72732e+08
9,1109.6,634.4,0,,2.72732e+08
9,1106.3,634.1,0,,2.72732e+08
9,1106.3,638.5,0,,2.72732e+08
9,1105,640,0,,2.72732e+08
8,1106.2,636.7,0,,2.72732e+08
8,1104.2,636.2,0,,2.72732e+08
8,1102.5,635.9,0,,2.72733e+08
8,1104.1,633.1,0,,2.72733e+08
8,1103.9,629.2,0,,2.72733e+08
8,1103.4,629.4,0,,2.72733e+08
8,1105,633.1,0,,2.72733e+08
8,1104.2,629.5,0,,2.72733e+08
8,1108.3,639.7,0,,2.72733e+08
8,1116.6,652.9,0,,2.72733e+08
8,1139.4,646.2,0,,2.72733e+08
8,1139,646.7,0,,2.72733e+08
8,1140,646.9,0,,2.72733e+08
8,1151.2,642.9,0,,2.72733e+08
8,1192.8,629.5,0,,2.72733e+08
8,1192.8,629.5,0,,2.72733e+08
8,1194.1,630,0,,2.72733e+08
8,1193.4,630.1,0,,2.72733e+08
8,1189.5,638,0,,2.72733e+08
8,1186,646.8,0,,2.72733e+08
7,1185.1,653,0,,2.72733e+08
7,1185.5,650.7,0,,2.72733e+08
7,1187.6,650.5,0,,2.72733e+08
7,1189,644,0,,2.72733e+08
7,1187.5,649.3,0,,2.72733e+08
7,1186.3,654,0,,2.72733e+08
7,1187.7,647.8,0,,2.72733e+08
7,1193.3,642.4,0,,2.72733e+08
7,1191.5,641.7,0,,2.72733e+08
7,1159.3,650.2,0,,2.72733e+08
7,945.5,622.6,0,,2.72733e+08
7,943.5,620.9,0,,2.72733e+08
7,932.2,620.1,0,,2.72733e+08
7,932.2,620.1,0,,2.72733e+08
7,909.9,620.4,0,,2.72733e+08
7,893.8,622.7,0,,2.72733e+08
7,886.8,628.3,0,,2.72733e+08
7,885.8,624.9,0,,2.72733e+08
7,889.1,618.6,0,,2.72733e+08
8,891.6,610.9,0,,2.72733e+08
8,894.4,607.6,0,,2.72733e+08
8,894.4,607.6,0,,2.72733e+08
8,892.1,607.8,0,,2.72733e+08
8,885.7,608.9,0,,2.72733e+08
8,867.2,610,0,,2.72733e+08
8,855.5,620.8,0,,2.72733e+08
8,846.3,635.9,0,,2.72733e+08
8,843.9,638.8,0,,2.72733e+08
8,845.3,634,0,,2.72733e+08
8,840.4,621.3,0,,2.72733e+08
8,840.4,621.3,0,,2.72733e+08
8,843.2,618,0,,2.72733e+08
8,840.9,613.1,0,,2.72733e+08
9,833.6,613.7,0,,2.72733e+08
9,831.6,612.8,0,,2.72733e+08
9,832.5,612.5,0,,2.72733e+08
9,838.6,610.1,0,,2.72733e+08
9,840.8,610.1,0,,2.72733e+08
9,845.8,616.2,0,,2.72733e+08
9,845.8,616.2,0,,2.72733e+08
9,852.7,615.3,0,,2.72733e+08
9,865.5,609.1,0,,2.72734e+08
9,877.9,616.2,0,,2.72734e+08
9,888.9,619.1,0,,2.72734e+08
9,887,611.7,0,,2.72734e+08
9,891.3,609.1,0,,2.72734e+08
9,904.2,612.5,0,,2.72734e+08
9,904,621.1,0,,2.72734e+08
9,904,621.1,0,,2.72734e+08
9,901.4,616.9,0,,2.72734e+08
9,899.9,616.9,0,,2.72734e+08
9,897.4,618.4,0,,2.72734e+08
9,893,624.7,0,,2.72734e+08
9,893.6,623.8,0,,2.72734e+08
9,891.5,627.3,0,,2.72734e+08
9,891.3,626.9,0,,2.72734e+08
8,875.2,630,0,,2.72734e+08
8,875.2,630,0,,2.72734e+08
8,852.5,628.7,0,,2.72734e+08
8,832.7,635.6,0,,2.72734e+08
8,815.2,642.5,0,,2.72734e+08
8,792.3,653.4,0,,2.72734e+08
8,763.7,672.7,0,,2.72734e+08
8,744.5,665.3,0,,2.72734e+08
8,739.4,667.5,0,,2.72734e+08
8,728.2,655.5,0,,2.72734e+08
8,731.3,657.2,0,,2.72734e+08
8,731.3,657.2,0,,2.72734e+08
8,716.3,614.4,0,,2.72734e+08
8,691,570.5,0,,2.72734e+08
8,679.1,536.3,0,,2.72734e+08
7,679.9,533.9,0,,2.72734e+08
7,679.9,533.9,0,,2.72734e+08
7,679.3,524.9,0,,2.72734e+08
7,680.9,505.3,0,,2.72734e+08
7,680.9,505.3,0,,2.72734e+08
7,679.3,502,0,,2.72734e+08
7,677.7,502.8,0,,2.72734e+08
7,679.3,502.4,0,,2.72734e+08
7,674.7,504.1,0,,2.72734e+08
7,659.1,500.6,0,,2.72734e+08
7,658.9,504.9,0,,2.72734e+08
7,658,506.5,0,,2.72734e+08
7,658,506.5,0,,2.72734e+08
7,659.7,513.1,0,,2.72734e+08
7,662.7,525.2,0,,2.72734e+08
7,662.7,525.2,0,,2.72734e+08
7,661.7,533.7,0,,2.72734e+08
7,662.5,534.9,0,,2.72734e+08
7,662.8,541.4,0,,2.72734e+08
7,666,526.2,0,,2.72734e+08
7,666,521.4,0,,2.72734e+08
6,664.9,507,0,,2.72734e+08
6,664.9,507,0,,2.72734e+08
6,664.8,497.7,0,,2.72734e+08
6,664.8,498.4,0,,2.72734e+08
6,664.3,506.3,0,,2.72734e+08
6,664.1,516,0,,2.72734e+08
6,663.3,521.7,0,,2.72734e+08
6,663.3,521.7,0,,2.72734e+08
6,663.3,521.7,0,,2.72734e+08
6,663.3,521.7,0,,2.72734e+08
6,663.3,521.7,0,,2.72734e+08
6,663.3,521.7,0,,2.72734e+08
6,663.3,521.7,0,,2.72734e+08
6,614.9,598.9,0,,2.72735e+08
6,689.3,489.2,0,,2.72735e+08
6,689.4,508.6,0,,2.72735e+08
6,689.8,519.6,0,,2.72735e+08
6,695.9,499.9,0,,2.72735e+08
6,695.9,501.1,0,,2.72735e+08
6,695.9,501.1,0,,2.72735e+08
6,698.6,491.2,0,,2.72735e+08
6,700.5,485.5,0,,2.72735e+08
6,699.7,496.1,0,,2.72735e+08
6,699.5,493.7,0,,2.72735e+08
6,699.2,498.3,0,,2.72735e+08
6,696.4,507.8,0,,2.72735e+08
6,696,505.9,0,,2.72735e+08
6,694.9,500.9,0,,2.72735e+08
6,694.9,501.2,0,,2.72735e+08
5,692.9,496.8,0,,2.72735e+08
5,691.1,491,0,,2.72735e+08
5,689.2,483.6,0,,2.72735e+08
5,688.5,478,0,,2.72735e+08
5,682.5,624.5,0,,2.72735e+08
5,684.3,624.9,0,,2.72735e+08
5,685.5,632.4,0,,2.72735e+08
5,685.8,634.6,0,,2.72735e+08
5,685.8,634.6,0,,2.72735e+08
5,692.4,631.9,0,,2.72735e+08
5,692.1,643.4,0,,2.72735e+08
5,692.1,643.4,0,,2.72735e+08
5,690.1,639,0,,2.72735e+08
5,690.1,642.7,0,,2.72735e+08
4,688.7,625.3,0,,2.72735e+08
4,692.9,631.4,0,,2.72735e+08
4,686.9,639.5,0,,2.72735e+08
4,686.9,639.5,0,,2.72735e+08
4,680,633.8,0,,2.72735e+08
4,670.3,629.1,0,,2.72735e+08
4,626.2,621.8,0,,2.72735e+08
4,630.7,621.6,0,,2.72735e+08
4,605.9,603.1,0,,2.72735e+08
4,598.1,599.4,0,,2.72735e+08
4,587.5,583.5,0,,2.72735e+08
4,588.1,589.3,0,,2.72735e+08
4,588.1,589.3,0,,2.72735e+08
3,575.9,568.5,0,,2.72735e+08
3,580.8,573.8,0,,2.72735e+08
3,590.5,609.8,0,,2.72735e+08
3,591.6,616,0,,2.72735e+08
3,598.4,633.7,0,,2.72735e+08
3,603,643.9,0,,2.72735e+08
3,601.1,641.1,0,,2.72735e+08
3,606.5,655.7,0,,2.72735e+08
3,607.4,654.7,0,,2.72735e+08
3,607.4,654.7,0,,2.72735e+08
3,623.8,649.2,0,,2.72735e+08
3,646.8,633.4,0,,2.72735e+08
3,662,627,0,,2.72735e+08
3,677.8,616.7,0,,2.72736e+08
3,677.8,616.7,0,,2.72736e+08
3,680.7,616.5,0,,2.72736e+08
3,681.7,616.3,0,,2.72736e+08
2,682.7,615.5,0,,2.72736e+08
2,680.2,617.8,0,,2.72736e+08
2,681.7,617,0,,2.72736e+08
2,681.7,617,0,,2.72736e+08
2,689.3,610.3,0,,2.72736e+08
2,689.3,610.3,0,,2.72736e+08
2,689.3,610.3,0,,2.72736e+08
2,695.2,601.5,0,,2.72736e+08
2,695.2,601.5,0,,2.72736e+08
2,695.2,601.5,0,,2.72736e+08
2,695.2,601.5,0,,2.72736e+08
2,797.3,602,0,,2.72736e+08
2,798.3,601.5,0,,2.72736e+08
2,799.1,601,0,,2.72736e+08
2,784.5,601.5,0,,2.72736e+08
2,783,596.5,0,,2.72736e+08
2,780.7,596.6,0,,2.72736e+08
2,779.9,591.6,0,,2.72736e+08
2,780.9,590.2,0,,2.72736e+08
2,780.2,599.6,0,,2.72736e+08
2,779.8,599.9,0,,2.72736e+08
2,779,594.5,0,,2.72736e+08
2,779.3,597.1,0,,2.72736e+08
2,778.6,593.2,0,,2.72736e+08
2,767,570.6,0,,2.72736e+08
2,753.6,543.1,0,,2.72736e+08
2,753.6,543.1,0,,2.72736e+08
2,753.6,543.1,0,,2.72736e+08
2,733.5,505.6,0,,2.72736e+08
2,733.5,505.6,0,,2.72736e+08
2,706.9,454.4,0,,2.72736e+08
2,707.4,458,0,,2.72736e+08
2,707.4,458,0,,2.72736e+08
2,708.9,460.6,0,,2.72736e+08
2,717.6,476.6,0,,2.72736e+08
2,703.7,496.3,0,,2.72736e+08
2,693,480.7,0,,2.72736e+08
1,689.1,466.2,0,,2.72736e+08
1,690.5,468.6,0,,2.72736e+08
1,688.5,458.1,0,,2.72736e+08
1,685.9,434,0,,2.72736e+08
1,685.9,434,0,,2.72736e+08
1,684.9,440.8,0,,2.72736e+08
1,684,439.6,0,,2.72736e+08
1,684,439.6,0,,2.72736e+08
1,682.5,434.9,0,,2.72736e+08
1,682.5,434.9,0,,2.72736e+08
1,682.5,434.9,0,,2.72736e+08
1,671.8,440.1,0,,2.72736e+08
1,674.1,432.1,0,,2.72736e+08
0,679.6,429.6,0,,2.72736e+08
0,685.7,433.6,0,,2.72736e+08
0,687.3,435,0,,2.72736e+08
0,687.4,436.4,0,,2.72736e+08
0,687.4,436.4,0,,2.72736e+08
0,689.4,431.4,0,,2.72736e+08
0,689.4,433.8,0,,2.72736e+08
0,659,488.1,0,,2.72737e+08
0,648.1,509.5,0,,2.72737e+08
0,649,498.3,0,,2.72737e+08
0,648.3,499,0,,2.72737e+08
0,648.6,494,0,,2.72737e+08
0,649,487.6,0,,2.72737e+08
0,649,487.6,0,,2.72737e+08
0,649.2,482.2,0,,2.72737e+08
0,647.5,476.9,0,,2.72737e+08
0,647.5,476.9,0,,2.72737e+08
0,647.5,476.9,0,,2.72737e+08
0,643.7,480,0,,2.72737e+08
0,643.7,480,0,,2.72737e+08
0,643.7,480,0,,2.72737e+08
0,635.3,496.9,0,,2.72737e+08
0,635.3,496.9,0,,2.72737e+08
0,645.9,509.7,0,,2.72737e+08
0,650.8,507.4,0,,2.72737e+08
0,650.8,507.4,0,,2.72737e+08
0,656.2,507.7,0,,2.72737e+08
0,660.3,493.5,0,,2.72737e+08
0,653.3,472.5,0,,2.72737e+08
0,651.6,476.6,0,,2.72737e+08
0,630.2,458.5,0,,2.72737e+08
0,630.2,458.5,0,,2.72737e+08
1,638.8,474.5,0,,2.72737e+08
1,638.8,474.5,0,,2.72737e+08
1,638.8,474.5,0,,2.72737e+08
1,638.8,474.5,0,,2.72737e+08
1,638.8,474.5,0,,2.72737e+08
1,638.8,474.5,0,,2.72737e+08
1,638.8,474.5,0,,2.72737e+08
1,638.8,474.5,0,,2.72737e+08
1,638.8,474.5,0,,2.72737e+08
1,638.8,474.5,0,,2.72737e+08
1,661.8,489.6,0,,2.72737e+08
1,692.5,510.3,0,,2.72737e+08
2,900,581.1,0,,2.72737e+08
2,947.1,594.8,0,,2.72737e+08
2,974,600.1,0,,2.72737e+08
2,996,608.3,0,,2.72737e+08
2,999.6,608.1,0,,2.72737e+08
2,1000,609.8,0,,2.72737e+08
2,1000,609.8,0,,2.72737e+08
2,999.5,601,0,,2.72737e+08
2,1003.5,580.3,0,,2.72737e+08
2,1004.7,585,0,,2.72737e+08
2,1007.2,582.5,0,,2.72737e+08
2,1013.4,613.9,0,,2.72737e+08
2,1013,615.1,0,,2.72737e+08
2,1010.8,618.7,0,,2.72737e+08
2,1005.5,625,0,,2.72737e+08
3,1001.8,624.3,0,,2.72737e+08
3,1001.8,624.3,0,,2.72737e+08
3,1001.3,622.7,0,,2.72737e+08
3,1009.7,616,0,,2.72737e+08
3,1011.4,613.4,0,,2.72737e+08
3,996.1,619.3,0,,2.72737e+08
3,990.6,625.8,0,,2.72737e+08
3,989,626.5,0,,2.72738e+08
4,989,626.5,0,,2.72738e+08
4,986.8,627,0,,2.72738e+08
4,986.8,624.4,0,,2.72738e+08
4,988.3,618,0,,2.72738e+08
4,990.4,616.1,0,,2.72738e+08
4,994,621.7,0,,2.72738e+08
4,991.8,623.3,0,,2.72738e+08
4,990.1,623.5,0,,2.72738e+08
4,988.9,621.7,0,,2.72738e+08
4,988.9,621.7,0,,2.72738e+08
5,984.2,625.1,0,,2.72738e+08
5,980.5,626.4,0,,2.72738e+08
5,976.8,624.1,0,,2.72738e+08
5,980.5,623.4,0,,2.72738e+08
5,980.9,621.5,0,,2.72738e+08
5,980.9,621.5,0,,2.72738e+08
5,983.2,626.2,0,,2.72738e+08
5,983.2,626.2,0,,2.72738e+08
5,984.2,626.4,0,,2.72738e+08
5,983.9,627.4,0,,2.72738e+08
5,976.9,628.7,0,,2.72738e+08
5,975.8,625.9,0,,2.72738e+08
5,972.2,621.9,0,,2.72738e+08
5,954,634.7,0,,2.72738e+08
5,890.8,623.3,0,,2.72738e+08
5,901.3,626.3,0,,2.72738e+08
5,868.3,620.8,0,,2.72738e+08
5,868.3,620.8,0,,2.72738e+08
5,825.4,613.3,0,,2.72738e+08
5,820.8,617.4,0,,2.72738e+08
5,822.2,619.9,0,,2.72738e+08
5,817.7,622.4,0,,2.72738e+08
5,810.7,630.2,0,,2.72738e+08
5,807.5,628.3,0,,2.72738e+08
4,807.3,625.1,0,,2.72738e+08
4,798.5,621.4,0,,2.72738e+08
4,798.5,621.4,0,,2.72738e+08
4,781.8,609.1,0,,2.72738e+08
4,777.2,603.4,0,,2.72738e+08
4,777.2,603.4,0,,2.72738e+08
4,770.4,600.3,0,,2.72738e+08
4,769.6,600.7,0,,2.72738e+08
4,769.6,600.7,0,,2.72738e+08
4,767.4,601.8,0,,2.72738e+08
4,753.6,625,0,,2.72738e+08
3,753.6,625,0,,2.72738e+08
3,755.6,616.9,0,,2.72738e+08
3,755.4,617.2,0,,2.72738e+08
3,747.3,619.1,0,,2.72738e+08
3,747.7,620,0,,2.72738e+08
3,739.3,639.3,0,,2.72738e+08
3,739,643.7,0,,2.72738e+08
3,737.8,644.6,0,,2.72738e+08
3,733.2,631.1,0,,2.72738e+08
3,733.2,631.1,0,,2.72738e+08
2,733.3,635.9,0,,2.72738e+08
2,733.5,640,0,,2.72738e+08
2,739.2,641.6,0,,2.72738e+08
2,736.5,642.7,0,,2.72738e+08
2,735.7,645.4,0,,2.72739e+08
2,734.4,643.4,0,,2.72739e+08
2,732.1,634.7,0,,2.72739e+08
2,732.4,633.9,0,,2.72739e+08
2,732.4,633.9,0,,2.72739e+08
2,736.2,619.4,0,,2.72739e+08
2,735.4,616.2,0,,2.72739e+08
1,735.4,616.2,0,,2.72739e+08
1,737,616.4,0,,2.72739e+08
1,737.5,630.2,0,,2.72739e+08
1,741.4,656.2,0,,2.72739e+08
1,741.6,662.2,0,,2.72739e+08
1,741.6,662.2,0,,2.72739e+08
1,741.6,662.2,0,,2.72739e+08
1,744,681.3,0,,2.72739e+08
1,744,681.3,0,,2.72739e+08
0,743,678.7,0,,2.72739e+08
0,744.4,681.5,0,,2.72739e+08
0,751.8,681.4,0,,2.72739e+08
0,763.3,667.4,0,,2.72739e+08
0,794.2,641.2,0,,2.72739e+08
0,794.3,639.1,0,,2.72739e+08
0,794.3,639.1,0,,2.72739e+08
0,794,632.1,0,,2.72739e+08
0,795,640.1,0,,2.72739e+08
0,784.2,648.3,0,,2.72739e+08
0,783.1,644,0,,2.72739e+08
0,782.8,647.9,0,,2.72739e+08
0,782.5,645.8,0,,2.72739e+08
0,781.8,641.1,0,,2.72739e+08
0,781,638.7,0,,2.72739e+08
0,781,638.7,0,,2.72739e+08
0,779.3,641.8,0,,2.72739e+08
0,779.5,642.4,0,,2.72739e+08
0,778.8,652.9,0,,2.72739e+08
0,777.6,647.7,0,,2.72739e+08
0,773,653.3,0,,2.72739e+08
