page,x,y,word,word_index,timestamp
0,1920,0,0,,0
0,57.1,2.5,0,,3.12957e+06
0,50.9,-0.2,0,,3.1296e+06
0,38.4,-12.1,0,,3.12961e+06
0,38.4,-12.1,0,,3.12961e+06
0,-62.1999,-61.5,0,,3.12964e+06
0,-115.3,-68.9,0,,3.12966e+06
0,-115.7,-61.8,0,,3.12967e+06
0,-122.3,-50.6,0,,3.12969e+06
0,-122.6,-29.6,0,,3.12971e+06
0,-115.8,-11.8,0,,3.12972e+06
0,-113.7,-4.8,0,,3.12974e+06
0,-107.3,13.6,0,,3.12976e+06
0,-107.3,13.6,0,,3.12976e+06
0,-81.8,66.6,0,,3.1298e+06
0,-81.8,66.6,0,,3.1298e+06
0,-32.8,142.2,0,,3.12983e+06
0,-31.8,128.1,0,,3.12984e+06
0,-31.8,128.1,0,,3.12984e+06
0,27.8,145.1,0,,3.12988e+06
0,390.9,298.3,0,,3.1299e+06
0,434.1,314.3,0,,3.12992e+06
0,434.1,314.3,0,,3.12992e+06
0,504.7,341.4,0,,3.12995e+06
0,501.4,335.5,0,,3.12996e+06
0,495.4,322,0,,3.12997e+06
0,483,292.4,0,,3.12999e+06
0,471.2,228.4,0,,3.13001e+06
0,462.5,204.4,0,,3.13004e+06
0,457.4,191,0,,3.13005e+06
0,454.8,178,0,,3.13006e+06
0,454.8,178,0,,3.13006e+06
0,445.6,161.3,0,,3.1301e+06
0,446.8,162.5,0,,3.13011e+06
0,440.6,153.4,0,,3.13012e+06
0,438,146.1,0,,3.13014e+06
0,430.3,158.2,0,,3.13015e+06
0,393.9,107.4,0,,3.13018e+06
0,111.7,-2.6,0,,3.1302e+06
0,17.3,-28.8,0,,3.13022e+06
0,17.3,-28.8,0,,3.13022e+06
0,-13,-41.3,0,,3.13024e+06
0,-30.4,-47.9,0,,3.13026e+06
0,-34.9,-46.2,0,,3.13028e+06
0,-30.1,-44.4,0,,3.13029e+06
0,-39,-37.7,0,,3.13030e+06
0,-37.8,-17.8,0,,3.13033e+06
0,-37.8,-17.8,0,,3.13033e+06
0,-36.9,-19.3,0,,3.13036e+06
0,-36.9,-19.3,0,,3.13036e+06
0,-36.9,-19.3,0,,3.13036e+06
0,-36.9,-19.3,0,,3.13036e+06
0,-151.1,-32.9,0,,3.13043e+06
0,-151.1,-32.9,0,,3.13043e+06
0,-139.2,-52.6,0,,3.13046e+06
0,-157.3,-17.1,0,,3.13048e+06
0,-157.3,-17.1,0,,3.13048e+06
0,-152.8,17.6,0,,3.13051e+06
0,-149.2,28.8,0,,3.13052e+06
0,-147.4,36.2,0,,3.13055e+06
0,-143.3,52.3,0,,3.13056e+06
0,-143.3,52.3,0,,3.13056e+06
0,-141.1,62.8,0,,3.13059e+06
0,-142.7,60.3,0,,3.1306e+06
0,-142.7,60.3,0,,3.1306e+06
0,-141.8,63.3,0,,3.13065e+06
0,-141.8,63.3,0,,3.13065e+06
0,-141.8,63.3,0,,3.13065e+06
0,-141.8,63.3,0,,3.13065e+06
0,-138.9,63.1,0,,3.1307e+06
0,-138,65.6,0,,3.13073e+06
0,-134.5,75,0,,3.13074e+06
0,-138.8,85.7,0,,3.13077e+06
0,-149.5,84.4,0,,3.13078e+06
0,-149.5,84.4,0,,3.13078e+06
0,-156.5,71.4,0,,3.13081e+06
0,-156.5,71.4,0,,3.13081e+06
0,-156.5,71.4,0,,3.13081e+06
0,-160.6,58.8,0,,3.13087e+06
0,-156.8,68.2,0,,3.13088e+06
0,-156.8,68.2,0,,3.13088e+06
0,-171.9,35.8,0,,3.13091e+06
0,-170.8,35.6,0,,3.13092e+06
0,-165.1,40.4,0,,3.13095e+06
0,-151,36.7,0,,3.13096e+06
0,-151,36.7,0,,3.13096e+06
0,-173.2,34.3,0,,3.131e+06
0,-169.3,32,0,,3.13101e+06
0,-169.3,32,0,,3.13101e+06
0,-181.6,26.2,0,,3.13105e+06
0,-181.6,26.2,0,,3.13105e+06
0,-179.1,23.6,0,,3.13108e+06
0,-178.2,21.2,0,,3.1311e+06
0,-178.2,21.2,0,,3.1311e+06
0,-178.2,21.2,0,,3.1311e+06
0,-176.1,34.1,0,,3.13114e+06
0,-176.1,34.1,0,,3.13114e+06
0,-190.4,21.7,0,,3.13119e+06
0,-190.4,21.7,0,,3.13119e+06
0,-192.9,21.9,0,,3.13122e+06
0,-188.1,17.3,0,,3.13123e+06
0,-188.1,17.3,0,,3.13123e+06
0,-188.7,16.3,0,,3.13126e+06
0,-188.7,16.3,0,,3.13126e+06
0,-216.6,76,0,,3.13132e+06
0,-216.6,76,0,,3.13132e+06
0,-216.6,76,0,,3.13132e+06
0,-216.6,76,0,,3.13132e+06
0,-216.6,76,0,,3.13132e+06
0,-216.6,76,0,,3.13132e+06
0,-216.6,76,0,,3.13132e+06
0,-160.1,107.6,0,,3.13141e+06
0,-160.1,107.6,0,,3.13141e+06
0,-219.5,36,0,,3.13144e+06
0,-191.6,34.8,0,,3.13146e+06
0,-191.6,34.8,0,,3.13146e+06
0,-196.9,46.5,0,,3.13149e+06
0,-175.3,67.7,0,,3.13151e+06
0,-175.3,67.7,0,,3.13151e+06
0,-154.3,89.3,0,,3.13154e+06
0,-108.1,122.6,0,,3.13156e+06
0,-108.1,122.6,0,,3.13156e+06
0,-97.6,147.4,0,,3.13159e+06
0,-97.6,147.4,0,,3.13159e+06
0,-36.1,213.9,0,,3.13164e+06
0,-36.1,213.9,0,,3.13164e+06
0,-10.2,238.1,0,,3.13167e+06
0,8.69995,255.5,0,,3.13168e+06
0,8.30005,252.8,0,,3.1317e+06
0,20.7,251.2,0,,3.13171e+06
0,20.7,251.2,0,,3.13171e+06
0,21.2,241.3,0,,3.13174e+06
0,8.40002,223.9,0,,3.13177e+06
0,8.40002,223.9,0,,3.13177e+06
0,5.69995,216.3,0,,3.1318e+06
0,-3.30005,200.1,0,,3.13182e+06
0,-3.30005,200.1,0,,3.13182e+06
0,32.6,214.1,0,,3.13185e+06
0,92.7,219.9,0,,3.13186e+06
0,92.7,219.9,0,,3.13186e+06
0,92.7,219.9,0,,3.13186e+06
0,940.6,701,0,,3.13192e+06
0,953.1,710.7,0,,3.13193e+06
0,1022.4,731.5,0,,3.13196e+06
0,1022.4,731.5,0,,3.13196e+06
0,1087.5,675.8,0,,3.13199e+06
0,1085.7,676.4,0,,3.132e+06
0,1087.2,661.4,0,,3.13202e+06
0,1087.2,661.4,0,,3.13202e+06
0,1089.9,654.4,0,,3.13204e+06
0,1097.4,641.5,0,,3.13206e+06
0,1104.8,642.4,0,,3.13208e+06
0,1106.7,642.4,0,,3.13209e+06
0,1149.2,643.4,0,,3.13211e+06
0,1177.2,631.6,0,,3.13214e+06
0,1191,610.2,0,,3.13215e+06
0,1191.5,609.6,0,,3.13217e+06
0,1191.5,609.6,0,,3.13217e+06
0,1194.3,609.8,0,,3.1322e+06
0,1201.6,614.5,0,,3.13221e+06
0,1212.5,616.5,0,,3.13224e+06
0,1234.8,622.5,0,,3.13225e+06
0,1271.8,595.3,0,,3.13227e+06
0,1863.4,170.3,0,,3.13228e+06
0,1913.3,134,0,,3.1323e+06
0,1934.5,120.4,0,,3.13232e+06
0,1934.5,120.4,0,,3.13232e+06
0,1979.2,88.9,0,,3.13235e+06
0,1986.8,82.5,0,,3.13236e+06
0,1983.9,86.9,0,,3.13238e+06
0,1991.9,80.7,0,,3.13239e+06
0,1960.6,108.5,0,,3.13242e+06
0,1947.6,123.1,0,,3.13243e+06
0,1963.1,135.5,0,,3.13245e+06
0,1965.5,143.7,0,,3.13247e+06
0,1965.5,143.7,0,,3.13247e+06
0,1952.2,151.6,0,,3.1325e+06
0,1930,169.7,0,,3.13251e+06
0,1930,169.7,0,,3.13251e+06
0,1898.8,188.6,0,,3.13254e+06
0,1861.3,209.6,0,,3.13256e+06
0,1861.5,214.3,0,,3.13258e+06
0,1855.3,230.8,0,,3.1326e+06
0,1857.4,231.2,0,,3.13262e+06
0,1857.4,231.2,0,,3.13262e+06
0,1862.7,232.3,0,,3.13265e+06
0,1920.6,188.7,0,,3.13266e+06
0,1989.1,162.9,0,,3.13267e+06
0,2006.8,193.6,0,,3.13270e+06
0,2010.7,199,0,,3.13272e+06
0,2010.7,199,0,,3.13272e+06
0,2056.8,208.6,0,,3.13274e+06
0,2056.8,208.6,0,,3.13274e+06
0,2056.8,208.6,0,,3.13274e+06
0,2056.8,208.6,0,,3.13274e+06
0,2056.8,208.6,0,,3.13274e+06
0,2056.8,208.6,0,,3.13274e+06
0,2056.8,208.6,0,,3.13274e+06
0,2056.8,208.6,0,,3.13274e+06
0,2056.8,208.6,0,,3.13274e+06
0,2056.8,208.6,0,,3.13274e+06
0,2056.8,208.6,0,,3.13274e+06
0,2056.8,208.6,0,,3.13274e+06
0,2056.8,208.6,0,,3.13274e+06
0,2056.8,208.6,0,,3.13274e+06
0,2056.8,208.6,0,,3.13274e+06
0,2056.8,208.6,0,,3.13274e+06
0,2056.8,208.6,0,,3.13274e+06
0,2056.8,208.6,0,,3.13274e+06
0,2056.8,208.6,0,,3.13274e+06
0,2056.8,208.6,0,,3.13274e+06
0,2056.8,208.6,0,,3.13274e+06
0,2056.8,208.6,0,,3.13274e+06
0,2056.8,208.6,0,,3.13274e+06
0,2056.8,208.6,0,,3.13274e+06
0,2056.8,208.6,0,,3.13274e+06
0,2056.8,208.6,0,,3.13274e+06
0,2056.8,208.6,0,,3.13274e+06
0,2056.8,208.6,0,,3.13274e+06
0,2056.8,208.6,0,,3.13274e+06
0,2056.8,208.6,0,,3.13274e+06
0,2056.8,208.6,0,,3.13274e+06
0,2056.8,208.6,0,,3.13274e+06
0,2056.8,208.6,0,,3.13274e+06
0,2056.8,208.6,0,,3.13274e+06
0,2056.8,208.6,0,,3.13274e+06
0,2056.8,208.6,0,,3.13274e+06
0,2056.8,208.6,0,,3.13274e+06
0,2056.8,208.6,0,,3.13274e+06
0,2056.8,208.6,0,,3.13274e+06
0,2056.8,208.6,0,,3.13274e+06
0,2056.8,208.6,0,,3.13274e+06
0,2056.8,208.6,0,,3.13274e+06
0,2056.8,208.6,0,,3.13274e+06
0,2056.8,208.6,0,,3.13274e+06
0,2056.8,208.6,0,,3.13274e+06
0,2056.8,208.6,0,,3.13274e+06
0,2056.8,208.6,0,,3.13274e+06
0,2056.8,208.6,0,,3.13274e+06
0,2056.8,208.6,0,,3.13274e+06
0,2056.8,208.6,0,,3.13274e+06
0,2056.8,208.6,0,,3.13274e+06
0,2056.8,208.6,0,,3.13274e+06
0,2056.8,208.6,0,,3.13274e+06
0,2056.8,208.6,0,,3.13274e+06
0,2056.8,208.6,0,,3.13274e+06
0,2056.8,208.6,0,,3.13274e+06
0,2056.8,208.6,0,,3.13274e+06
0,2056.8,208.6,0,,3.13274e+06
0,2056.8,208.6,0,,3.13274e+06
0,2056.8,208.6,0,,3.13274e+06
0,2056.8,208.6,0,,3.13274e+06
0,2056.8,208.6,0,,3.13274e+06
0,2056.8,208.6,0,,3.13274e+06
0,2056.8,208.6,0,,3.13274e+06
0,2056.8,208.6,0,,3.13274e+06
0,2056.8,208.6,0,,3.13274e+06
0,2056.8,208.6,0,,3.13274e+06
0,2056.8,208.6,0,,3.13274e+06
0,2056.8,208.6,0,,3.13274e+06
0,2056.8,208.6,0,,3.13274e+06
0,2056.8,208.6,0,,3.13274e+06
0,2056.8,208.6,0,,3.13274e+06
0,2056.8,208.6,0,,3.13274e+06
0,2056.8,208.6,0,,3.13274e+06
0,2056.8,208.6,0,,3.13274e+06
0,2056.8,208.6,0,,3.13274e+06
0,2056.8,208.6,0,,3.13274e+06
0,2056.8,208.6,0,,3.13274e+06
0,2056.8,208.6,0,,3.13274e+06
0,2056.8,208.6,0,,3.13274e+06
0,2056.8,208.6,0,,3.13274e+06
0,2056.8,208.6,0,,3.13274e+06
0,2056.8,208.6,0,,3.13274e+06
0,2056.8,208.6,0,,3.13274e+06
0,2056.8,208.6,0,,3.13274e+06
0,2056.8,208.6,0,,3.13274e+06
0,2056.8,208.6,0,,3.13274e+06
0,2056.8,208.6,0,,3.13274e+06
0,2056.8,208.6,0,,3.13274e+06
0,2056.8,208.6,0,,3.13274e+06
0,2056.8,208.6,0,,3.13274e+06
0,2056.8,208.6,0,,3.13274e+06
0,2056.8,208.6,0,,3.13274e+06
0,2056.8,208.6,0,,3.13274e+06
0,2056.8,208.6,0,,3.13274e+06
0,2056.8,208.6,0,,3.13274e+06
0,2056.8,208.6,0,,3.13274e+06
0,2056.8,208.6,0,,3.13274e+06
0,2056.8,208.6,0,,3.13274e+06
0,2056.8,208.6,0,,3.13274e+06
0,2056.8,208.6,0,,3.13274e+06
0,2056.8,208.6,0,,3.13274e+06
0,2056.8,208.6,0,,3.13274e+06
0,2056.8,208.6,0,,3.13274e+06
0,2056.8,208.6,0,,3.13274e+06
0,2056.8,208.6,0,,3.13274e+06
0,2056.8,208.6,0,,3.13274e+06
0,2056.8,208.6,0,,3.13274e+06
0,2056.8,208.6,0,,3.13274e+06
0,2056.8,208.6,0,,3.13274e+06
0,2056.8,208.6,0,,3.13274e+06
0,2056.8,208.6,0,,3.13274e+06
0,2056.8,208.6,0,,3.13274e+06
0,2056.8,208.6,0,,3.13274e+06
0,2056.8,208.6,0,,3.13274e+06
0,2056.8,208.6,0,,3.13274e+06
0,2056.8,208.6,0,,3.13274e+06
0,2056.8,208.6,0,,3.13274e+06
0,2056.8,208.6,0,,3.13274e+06
0,2056.8,208.6,0,,3.13274e+06
0,2056.8,208.6,0,,3.13274e+06
0,2056.8,208.6,0,,3.13274e+06
0,2056.8,208.6,0,,3.13274e+06
0,2056.8,208.6,0,,3.13274e+06
0,2056.8,208.6,0,,3.13274e+06
0,2056.8,208.6,0,,3.13274e+06
0,2056.8,208.6,0,,3.13274e+06
0,2056.8,208.6,0,,3.13274e+06
0,2056.8,208.6,0,,3.13274e+06
0,2056.8,208.6,0,,3.13274e+06
0,2056.8,208.6,0,,3.13274e+06
0,2056.8,208.6,0,,3.13274e+06
0,2056.8,208.6,0,,3.13274e+06
0,2056.8,208.6,0,,3.13274e+06
0,2056.8,208.6,0,,3.13274e+06
0,2056.8,208.6,0,,3.13274e+06
0,2056.8,208.6,0,,3.13274e+06
0,2056.8,208.6,0,,3.13274e+06
0,2056.8,208.6,0,,3.13274e+06
0,2056.8,208.6,0,,3.13274e+06
0,2056.8,208.6,0,,3.13274e+06
0,2056.8,208.6,0,,3.13274e+06
0,2056.8,208.6,0,,3.13274e+06
0,2056.8,208.6,0,,3.13274e+06
0,2056.8,208.6,0,,3.13274e+06
0,2056.8,208.6,0,,3.13274e+06
0,2056.8,208.6,0,,3.13274e+06
0,2056.8,208.6,0,,3.13274e+06
0,2056.8,208.6,0,,3.13274e+06
0,2056.8,208.6,0,,3.13274e+06
0,2056.8,208.6,0,,3.13274e+06
0,2056.8,208.6,0,,3.13274e+06
0,2056.8,208.6,0,,3.13274e+06
0,2056.8,208.6,0,,3.13274e+06
0,2056.8,208.6,0,,3.13274e+06
0,2056.8,208.6,0,,3.13274e+06
0,2056.8,208.6,0,,3.13274e+06
0,2056.8,208.6,0,,3.13274e+06
0,2056.8,208.6,0,,3.13274e+06
0,2056.8,208.6,0,,3.13274e+06
0,2056.8,208.6,0,,3.13274e+06
0,2056.8,208.6,0,,3.13274e+06
0,2056.8,208.6,0,,3.13274e+06
0,2056.8,208.6,0,,3.13274e+06
0,2056.8,208.6,0,,3.13274e+06
0,2056.8,208.6,0,,3.13274e+06
0,2056.8,208.6,0,,3.13274e+06
0,215.4,495.9,0,,3.13551e+06
0,293.9,591.4,0,,3.13555e+06
0,293.9,591.4,0,,3.13555e+06
0,293.9,591.4,0,,3.13555e+06
0,293.9,591.4,0,,3.13555e+06
0,293.9,591.4,0,,3.13555e+06
0,293.9,591.4,0,,3.13555e+06
0,293.9,591.4,0,,3.13555e+06
0,293.9,591.4,0,,3.13555e+06
0,293.9,591.4,0,,3.13555e+06
0,293.9,591.4,0,,3.13555e+06
0,293.9,591.4,0,,3.13555e+06
0,293.9,591.4,0,,3.13555e+06
0,293.9,591.4,0,,3.13555e+06
0,293.9,591.4,0,,3.13555e+06
0,293.9,591.4,0,,3.13555e+06
0,293.9,591.4,0,,3.13555e+06
0,293.9,591.4,0,,3.13555e+06
0,293.9,591.4,0,,3.13555e+06
0,293.9,591.4,0,,3.13555e+06
0,293.9,591.4,0,,3.13555e+06
0,293.9,591.4,0,,3.13555e+06
0,293.9,591.4,0,,3.13555e+06
0,293.9,591.4,0,,3.13555e+06
0,293.9,591.4,0,,3.13555e+06
0,293.9,591.4,0,,3.13555e+06
0,293.9,591.4,0,,3.13555e+06
0,293.9,591.4,0,,3.13555e+06
0,293.9,591.4,0,,3.13555e+06
0,293.9,591.4,0,,3.13555e+06
0,293.9,591.4,0,,3.13555e+06
0,293.9,591.4,0,,3.13555e+06
0,293.9,591.4,0,,3.13555e+06
0,293.9,591.4,0,,3.13555e+06
0,293.9,591.4,0,,3.13555e+06
0,293.9,591.4,0,,3.13555e+06
0,293.9,591.4,0,,3.13555e+06
0,293.9,591.4,0,,3.13555e+06
0,293.9,591.4,0,,3.13555e+06
0,293.9,591.4,0,,3.13555e+06
0,293.9,591.4,0,,3.13555e+06
0,293.9,591.4,0,,3.13555e+06
0,293.9,591.4,0,,3.13555e+06
0,293.9,591.4,0,,3.13555e+06
0,293.9,591.4,0,,3.13555e+06
0,293.9,591.4,0,,3.13555e+06
0,293.9,591.4,0,,3.13555e+06
0,293.9,591.4,0,,3.13555e+06
0,293.9,591.4,0,,3.13555e+06
0,293.9,591.4,0,,3.13555e+06
0,293.9,591.4,0,,3.13555e+06
0,293.9,591.4,0,,3.13555e+06
0,293.9,591.4,0,,3.13555e+06
0,293.9,591.4,0,,3.13555e+06
0,293.9,591.4,0,,3.13555e+06
0,293.9,591.4,0,,3.13555e+06
0,1371.9,445,0,,3.13647e+06
0,1371.9,445,0,,3.13647e+06
0,1371.9,445,0,,3.13647e+06
0,1590,419,0,,3.13651e+06
0,1590,419,0,,3.13651e+06
0,1590,419,0,,3.13651e+06
0,1590,419,0,,3.13651e+06
0,1590,419,0,,3.13651e+06
0,1590,419,0,,3.13651e+06
0,1590,419,0,,3.13651e+06
0,1590,419,0,,3.13651e+06
0,1590,419,0,,3.13651e+06
0,1590,419,0,,3.13651e+06
0,1590,419,0,,3.13651e+06
0,1590,419,0,,3.13651e+06
0,1590,419,0,,3.13651e+06
0,1590,419,0,,3.13651e+06
0,1590,419,0,,3.13651e+06
0,1590,419,0,,3.13651e+06
0,1590,419,0,,3.13651e+06
0,1590,419,0,,3.13651e+06
0,1590,419,0,,3.13651e+06
0,1590,419,0,,3.13651e+06
0,1590,419,0,,3.13651e+06
0,1590,419,0,,3.13651e+06
0,1590,419,0,,3.13651e+06
0,1590,419,0,,3.13651e+06
