page,x,y,word,word_index,timestamp
0,1920,0,0,,0
0,-111,14.8,0,,2.4966e+06
0,-111,14.8,0,,2.4966e+06
0,-111,14.8,0,,2.4966e+06
0,-111,14.8,0,,2.4966e+06
0,-114.4,48.8,0,,2.49668e+06
0,539.2,631.2,0,,2.4967e+06
0,581.1,727.1,0,,2.49671e+06
0,606.8,593.3,0,,2.49672e+06
0,608.1,551.7,0,,2.49675e+06
0,608.1,551.7,0,,2.49675e+06
0,598.1,625.1,0,,2.49678e+06
0,598.1,625.1,0,,2.49678e+06
0,598.8,412.7,0,,2.49682e+06
0,613.1,406,0,,2.49683e+06
0,613.1,406,0,,2.49683e+06
0,644.3,374,0,,2.49696e+06
0,644.3,374,0,,2.49696e+06
0,644.3,374,0,,2.49696e+06
0,659,401.6,0,,2.49701e+06
0,659,401.6,0,,2.49701e+06
0,659,401.6,0,,2.49701e+06
0,674.3,422.1,0,,2.49705e+06
0,674.3,422.1,0,,2.49705e+06
0,674.3,422.1,0,,2.49705e+06
0,674.3,422.1,0,,2.49705e+06
0,674.3,422.1,0,,2.49705e+06
0,674.3,422.1,0,,2.49705e+06
0,674.3,422.1,0,,2.49705e+06
0,674.3,422.1,0,,2.49705e+06
0,674.3,422.1,0,,2.49705e+06
0,674.3,422.1,0,,2.49705e+06
0,674.3,422.1,0,,2.49705e+06
0,674.3,422.1,0,,2.49705e+06
0,674.3,422.1,0,,2.49705e+06
0,674.3,422.1,0,,2.49705e+06
0,674.3,422.1,0,,2.49705e+06
0,674.3,422.1,0,,2.49705e+06
0,674.3,422.1,0,,2.49705e+06
0,674.3,422.1,0,,2.49705e+06
0,674.3,422.1,0,,2.49705e+06
0,674.3,422.1,0,,2.49705e+06
0,674.3,422.1,0,,2.49705e+06
0,674.3,422.1,0,,2.49705e+06
0,674.3,422.1,0,,2.49705e+06
0,674.3,422.1,0,,2.49705e+06
0,674.3,422.1,0,,2.49705e+06
0,674.3,422.1,0,,2.49705e+06
0,674.3,422.1,0,,2.49705e+06
0,674.3,422.1,0,,2.49705e+06
0,674.3,422.1,0,,2.49705e+06
0,674.3,422.1,0,,2.49705e+06
0,674.3,422.1,0,,2.49705e+06
0,674.3,422.1,0,,2.49705e+06
0,674.3,422.1,0,,2.49705e+06
0,674.3,422.1,0,,2.49705e+06
0,674.3,422.1,0,,2.49705e+06
0,674.3,422.1,0,,2.49705e+06
0,674.3,422.1,0,,2.49705e+06
0,674.3,422.1,0,,2.49705e+06
0,674.3,422.1,0,,2.49705e+06
0,674.3,422.1,0,,2.49705e+06
0,674.3,422.1,0,,2.49705e+06
0,674.3,422.1,0,,2.49705e+06
0,674.3,422.1,0,,2.49705e+06
0,674.3,422.1,0,,2.49705e+06
0,-118.5,-25.4,0,,2.49777e+06
0,-119.7,-37.7,0,,2.49782e+06
0,-119.7,-37.7,0,,2.49782e+06
0,-119.7,-37.7,0,,2.49782e+06
0,-122,-22.6,0,,2.49787e+06
0,-122,-22.6,0,,2.49787e+06
0,-119.6,-21.7,0,,2.4979e+06
0,-122.5,-19.7,0,,2.49791e+06
0,-122.5,-19.7,0,,2.49791e+06
0,-134.8,-22.9,0,,2.49795e+06
0,-134.8,-22.9,0,,2.49795e+06
0,-143.1,-22,0,,2.49798e+06
0,-143.1,-22,0,,2.49798e+06
0,-143.1,-22,0,,2.49798e+06
0,-146.3,-15.9,0,,2.49803e+06
0,-143.5,-18.9,0,,2.49804e+06
0,-143.5,-18.9,0,,2.49804e+06
0,-141.5,-21.6,0,,2.49809e+06
0,-141.5,-21.6,0,,2.49809e+06
0,-140.3,-15,0,,2.49812e+06
0,-157.3,77.5,0,,2.49813e+06
0,-157.3,77.5,0,,2.49813e+06
0,-157.3,77.5,0,,2.49813e+06
0,-76.3,155.2,0,,2.49817e+06
0,-33.9,209.5,0,,2.49819e+06
0,31.5,279.8,0,,2.49821e+06
0,24.8,254.9,0,,2.49824e+06
0,19.5,250.6,0,,2.49825e+06
0,13.8,234.1,0,,2.49827e+06
0,17.6,239,0,,2.49828e+06
0,17.6,239,0,,2.49828e+06
0,-12.4,198.6,0,,2.49832e+06
0,-12.4,198.6,0,,2.49832e+06
0,-76.1,91.3,0,,2.49834e+06
0,-83.3,115,0,,2.49836e+06
0,-83.3,115,0,,2.49836e+06
0,-85.5,112.2,0,,2.4984e+06
0,-85.5,112.2,0,,2.4984e+06
0,-101.3,96.5,0,,2.49843e+06
0,-101.3,96.5,0,,2.49843e+06
0,-101.3,96.5,0,,2.49843e+06
0,-87,44.4,0,,2.49848e+06
0,-87.4,43.5,0,,2.49849e+06
0,-87.4,43.5,0,,2.49849e+06
0,-101.4,52.4,0,,2.49854e+06
0,-101.4,52.4,0,,2.49854e+06
0,-125.9,43.9,0,,2.49857e+06
0,-125.9,43.9,0,,2.49857e+06
0,-125.9,43.9,0,,2.49857e+06
0,-125.9,43.9,0,,2.49857e+06
0,-125.9,43.9,0,,2.49857e+06
0,-125.9,43.9,0,,2.49857e+06
0,-125.9,43.9,0,,2.49857e+06
0,-146.3,8.2,0,,2.49867e+06
0,-152,13.4,0,,2.4987e+06
0,-152,13.4,0,,2.49872e+06
0,-152,13.4,0,,2.49872e+06
0,-152,13.4,0,,2.49872e+06
0,-125.4,84.1,0,,2.49876e+06
0,-125.4,84.1,0,,2.49876e+06
0,-125.4,84.1,0,,2.49876e+06
0,-112.5,111.2,0,,2.49881e+06
0,-108.8,114.5,0,,2.49884e+06
0,351.4,328.6,0,,2.49885e+06
0,568.1,478.2,0,,2.49886e+06
0,576.6,481.9,0,,2.49888e+06
0,576.6,481.9,0,,2.49888e+06
0,586.4,485.7,0,,2.49891e+06
0,602.2,456.2,0,,2.49893e+06
0,604.5,390.9,0,,2.49895e+06
0,566.8,312.6,0,,2.49897e+06
0,564.5,305.6,0,,2.49899e+06
0,567.3,306.1,0,,2.499e+06
0,567.3,306.1,0,,2.499e+06
0,564.4,290.4,0,,2.49904e+06
0,564.4,290.4,0,,2.49904e+06
0,578.2,291.1,0,,2.49907e+06
0,592,294.7,0,,2.49908e+06
0,592.7,292.3,0,,2.4991e+06
0,599.6,294.6,0,,2.49911e+06
0,613.8,285.9,0,,2.49914e+06
0,620,282.7,0,,2.49916e+06
0,620.4,285.7,0,,2.49917e+06
0,620.6,284.8,0,,2.49918e+06
0,620.6,284.8,0,,2.49918e+06
0,619.5,277.9,0,,2.49922e+06
0,616.6,275.3,0,,2.49923e+06
0,609.5,265.2,0,,2.49924e+06
0,555.2,238.1,0,,2.49927e+06
0,446.6,176.9,0,,2.49929e+06
0,375,140.9,0,,2.4993e+06
0,335.1,118,0,,2.49932e+06
0,284.3,91.6,0,,2.49933e+06
0,284.3,91.6,0,,2.49933e+06
0,261.2,85.3,0,,2.49936e+06
0,218.2,68.6,0,,2.49938e+06
0,106.9,1.6,0,,2.49940e+06
0,78.8,85.5,0,,2.49942e+06
0,26.6,199.2,0,,2.49944e+06
0,-28.5,145.8,0,,2.49945e+06
0,-37.9,117.8,0,,2.49947e+06
0,-45.9,140.4,0,,2.49948e+06
0,-45.9,140.4,0,,2.49948e+06
0,-80,86.3,0,,2.49951e+06
0,-65.3,100.6,0,,2.49953e+06
0,-65.3,100.6,0,,2.49953e+06
0,-65.3,100.6,0,,2.49953e+06
0,-139.9,-10.4,0,,2.49957e+06
0,-139.9,-10.4,0,,2.49957e+06
0,-139.9,-10.4,0,,2.49957e+06
0,-139.9,-10.4,0,,2.49957e+06
0,-139.9,-10.4,0,,2.49957e+06
0,-139.9,-10.4,0,,2.49957e+06
0,-139.9,-10.4,0,,2.49957e+06
0,-139.9,-10.4,0,,2.49957e+06
0,-203.8,-153.1,0,,2.49971e+06
0,-203.8,-153.1,0,,2.49971e+06
0,-340,-123.9,0,,2.49975e+06
0,-340,-123.9,0,,2.49975e+06
0,-340,-123.9,0,,2.49975e+06
0,-340,-123.9,0,,2.49975e+06
0,-340,-123.9,0,,2.49975e+06
0,-340,-123.9,0,,2.49975e+06
0,-340,-123.9,0,,2.49975e+06
0,-340,-123.9,0,,2.49975e+06
0,-340,-123.9,0,,2.49975e+06
0,-340,-123.9,0,,2.49975e+06
0,-340,-123.9,0,,2.49975e+06
0,-296.4,-198.1,0,,2.49993e+06
0,-296.4,-198.1,0,,2.49993e+06
0,-296.4,-198.1,0,,2.49993e+06
0,-289.6,-174.4,0,,2.49998e+06
0,-289.6,-174.4,0,,2.49998e+06
0,-282.6,-162.6,0,,2.50002e+06
0,-282.7,-162.7,0,,2.50004e+06
0,-282.7,-162.7,0,,2.50004e+06
0,-233.7,-50,0,,2.50007e+06
0,-231.1,39.3,0,,2.50008e+06
0,-231.1,39.3,0,,2.50008e+06
0,-231.1,39.3,0,,2.50008e+06
0,-231.1,39.3,0,,2.50008e+06
0,-231.1,39.3,0,,2.50008e+06
0,-231.1,39.3,0,,2.50008e+06
0,-231.1,39.3,0,,2.50008e+06
0,-231.1,39.3,0,,2.50008e+06
0,-231.1,39.3,0,,2.50008e+06
0,-231.1,39.3,0,,2.50008e+06
0,-231.1,39.3,0,,2.50008e+06
0,-231.1,39.3,0,,2.50008e+06
0,-231.1,39.3,0,,2.50008e+06
0,-231.1,39.3,0,,2.50008e+06
0,-231.1,39.3,0,,2.50008e+06
0,-231.1,39.3,0,,2.50008e+06
0,-231.1,39.3,0,,2.50008e+06
0,-231.1,39.3,0,,2.50008e+06
0,-231.1,39.3,0,,2.50008e+06
0,-231.1,39.3,0,,2.50008e+06
0,-231.1,39.3,0,,2.50008e+06
0,-231.1,39.3,0,,2.50008e+06
0,-231.1,39.3,0,,2.50008e+06
0,-231.1,39.3,0,,2.50008e+06
0,-231.1,39.3,0,,2.50008e+06
0,-231.1,39.3,0,,2.50008e+06
0,-231.1,39.3,0,,2.50008e+06
0,-231.1,39.3,0,,2.50008e+06
0,541.8,317.6,0,,2.50053e+06
0,570.8,305.3,0,,2.50057e+06
0,579,304.7,0,,2.50058e+06
0,607.1,298.7,0,,2.5006e+06
0,613,306.9,0,,2.50062e+06
0,619.7,321.9,0,,2.50064e+06
0,618.6,319.1,0,,2.50065e+06
0,620.3,321.8,0,,2.50066e+06
0,621.7,322.6,0,,2.50068e+06
0,621.7,322.6,0,,2.50068e+06
0,623.3,316.8,0,,2.50071e+06
0,623.5,310.4,0,,2.50073e+06
0,620.2,305.7,0,,2.50076e+06
0,620.2,305.7,0,,2.50076e+06
0,614.4,293,0,,2.50079e+06
0,622,297.9,0,,2.5008e+06
0,623.9,298.3,0,,2.50082e+06
0,615.4,288.3,0,,2.50083e+06
0,615.4,288.3,0,,2.50083e+06
0,605.9,278.4,0,,2.50086e+06
0,624.8,283.8,0,,2.50089e+06
0,624.8,283.8,0,,2.50089e+06
0,601.5,273.4,0,,2.50092e+06
0,615,277.7,0,,2.50094e+06
0,617.9,277.6,0,,2.50095e+06
0,608.2,270.7,0,,2.50097e+06
0,616.1,274.5,0,,2.50098e+06
0,616.1,274.5,0,,2.50098e+06
0,606.3,266.9,0,,2.50102e+06
0,618.1,274.2,0,,2.50103e+06
0,616.2,272,0,,2.50104e+06
0,568.2,243.6,0,,2.50106e+06
0,588,247.5,0,,2.50109e+06
0,578.5,238.3,0,,2.5011e+06
0,590,251.4,0,,2.50112e+06
0,595.3,254.7,0,,2.50113e+06
0,595.3,254.7,0,,2.50113e+06
0,595.3,254.7,0,,2.50113e+06
0,587.1,238.2,0,,2.50118e+06
0,125,57.2,0,,2.50121e+06
0,125,57.2,0,,2.50121e+06
0,-29.6,-28.7,0,,2.50124e+06
0,-34.8,-29.4,0,,2.50125e+06
0,-34.8,-29.4,0,,2.50125e+06
0,-25.6,-28,0,,2.50129e+06
0,-25.6,-28,0,,2.50129e+06
0,-25.6,-28,0,,2.50129e+06
0,-47.4,-18.9,0,,2.50134e+06
0,-47.4,-18.9,0,,2.50134e+06
0,-47.4,-18.9,0,,2.50134e+06
0,-47.4,-18.9,0,,2.50134e+06
0,-47.4,-18.9,0,,2.50134e+06
0,-122.6,-1.6,0,,2.50142e+06
0,-122.6,-1.6,0,,2.50142e+06
0,-122.6,-1.6,0,,2.50142e+06
0,-86.7,90.7,0,,2.50146e+06
0,-86.7,90.7,0,,2.50146e+06
0,-86.7,90.7,0,,2.50146e+06
0,-86.7,90.7,0,,2.50146e+06
0,-86.7,90.7,0,,2.50146e+06
0,-86.7,90.7,0,,2.50146e+06
0,-148.5,230.1,0,,2.50156e+06
0,-148.5,230.1,0,,2.50158e+06
0,-148.5,230.1,0,,2.50158e+06
0,-148.5,230.1,0,,2.50163e+06
0,-148.5,230.1,0,,2.50164e+06
0,-148.9,229.6,0,,2.50165e+06
0,-183.2,184.6,0,,2.50167e+06
0,-211.7,141.9,0,,2.50169e+06
0,-211.7,141.9,0,,2.50169e+06
0,-124.6,24,0,,2.50218e+06
0,-124.6,24,0,,2.50218e+06
0,-126.3,20.4,0,,2.50222e+06
0,-125.5,26.3,0,,2.50223e+06
0,-123.1,35.4,0,,2.50226e+06
0,-122.8,32.2,0,,2.50227e+06
0,-122.8,32.2,0,,2.50227e+06
0,-122.4,31,0,,2.5023e+06
0,-125.7,35.3,0,,2.50232e+06
0,-125.7,35.3,0,,2.50232e+06
0,-125.7,35.3,0,,2.50232e+06
0,-136.2,47.5,0,,2.50237e+06
0,-141.3,50.6,0,,2.50239e+06
0,-140.6,50.4,0,,2.50241e+06
0,-140.6,50.4,0,,2.50241e+06
0,-134.9,48.4,0,,2.50244e+06
0,-129,41.9,0,,2.50245e+06
0,-129,41.9,0,,2.50245e+06
0,-108.5,37.7,0,,2.50248e+06
0,-108.5,37.7,0,,2.50248e+06
0,-108.5,37.7,0,,2.50248e+06
0,-105.5,34.2,0,,2.50253e+06
0,-109.1,18.6,0,,2.50256e+06
0,-109.1,18.6,0,,2.50256e+06
0,-109.1,18.6,0,,2.50256e+06
0,-110.8,80,0,,2.5026e+06
0,-110.8,80,0,,2.5026e+06
0,-80.5,135.1,0,,2.50264e+06
0,-80.5,135.1,0,,2.50264e+06
0,-80.5,135.1,0,,2.50264e+06
0,-67.9,151.9,0,,2.50268e+06
0,537.9,418.8,0,,2.50271e+06
0,552.5,398.7,0,,2.50272e+06
0,543.5,369,0,,2.50274e+06
0,534.9,344.6,0,,2.50276e+06
0,534,342.8,0,,2.50278e+06
0,534,321.7,0,,2.50279e+06
0,534,321.7,0,,2.50279e+06
0,527.2,298.4,0,,2.50282e+06
0,533.3,301.8,0,,2.50284e+06
0,535.5,303.3,0,,2.50286e+06
0,557.1,312.9,0,,2.50287e+06
0,580.9,326.8,0,,2.50289e+06
0,583,323.6,0,,2.5029e+06
0,596.3,303.7,0,,2.50292e+06
0,599.4,304,0,,2.50294e+06
0,599.4,304,0,,2.50294e+06
0,599,313.2,0,,2.50296e+06
0,600.8,292.9,0,,2.50299e+06
0,594.5,292.1,0,,2.503e+06
0,595,292.3,0,,2.50302e+06
0,593.6,293.4,0,,2.50304e+06
0,580.9,294,0,,2.50305e+06
0,578.1,292.8,0,,2.50307e+06
0,526.9,268.2,0,,2.50308e+06
0,526.9,268.2,0,,2.50308e+06
0,215.9,38.1,0,,2.50313e+06
0,66.3,-54.6,0,,2.50314e+06
0,66.3,-54.6,0,,2.50314e+06
0,-115.8,-201.8,0,,2.50317e+06
0,-144.7,-192.2,0,,2.50319e+06
0,-144.7,-192.2,0,,2.50319e+06
0,-200.7,-188.6,0,,2.50322e+06
0,-221.2,-188.1,0,,2.50323e+06
0,-221.2,-188.1,0,,2.50323e+06
0,-234.7,-195.8,0,,2.50328e+06
0,-234.7,-195.8,0,,2.50328e+06
0,-234.7,-195.8,0,,2.50328e+06
0,-224.4,-197.6,0,,2.50332e+06
0,-207.4,-173.1,0,,2.50334e+06
0,-103.8,70.8,0,,2.50372e+06
0,-103.8,70.8,0,,2.50372e+06
0,-110.8,92.4,0,,2.50376e+06
0,-110.8,92.4,0,,2.50376e+06
0,-143.4,86.8,0,,2.50381e+06
0,-143.4,86.8,0,,2.50381e+06
0,-143.4,86.8,0,,2.50381e+06
0,-143.4,86.8,0,,2.50381e+06
0,-143.4,86.8,0,,2.50381e+06
0,-158.3,82.8,0,,2.50388e+06
0,353.3,325.8,0,,2.50391e+06
0,580.9,444.2,0,,2.50392e+06
0,594.2,452.6,0,,2.50394e+06
0,598.2,456.5,0,,2.50395e+06
0,596.3,450.5,0,,2.50397e+06
0,597.3,449,0,,2.50398e+06
0,597.3,449,0,,2.50398e+06
0,591.2,431.3,0,,2.50402e+06
0,579.9,393.1,0,,2.50404e+06
0,574.4,382.4,0,,2.50406e+06
0,564.1,369.6,0,,2.50407e+06
0,561.7,365.5,0,,2.50409e+06
0,556.6,352.4,0,,2.5041e+06
0,552.8,337.8,0,,2.50413e+06
0,552.8,337.8,0,,2.50413e+06
0,544.7,306.3,0,,2.50416e+06
0,547.7,308.3,0,,2.50417e+06
0,557.2,311,0,,2.50419e+06
0,558.3,287.4,0,,2.50421e+06
0,558.9,280.4,0,,2.50422e+06
0,560.4,274.9,0,,2.50424e+06
0,560.1,270.2,0,,2.50425e+06
0,567.4,254.5,0,,2.50427e+06
0,561.7,264.5,0,,2.50429e+06
0,561.7,264.5,0,,2.50429e+06
0,565.1,253.9,0,,2.50433e+06
0,564.5,248.7,0,,2.50434e+06
0,564.5,248.7,0,,2.50434e+06
0,563.8,246.2,0,,2.50437e+06
0,561.1,248.2,0,,2.50439e+06
0,561.1,248.2,0,,2.50439e+06
0,556.4,258.4,0,,2.50442e+06
0,556,257.5,0,,2.50443e+06
0,556,257.5,0,,2.50443e+06
0,587.1,263.5,0,,2.50448e+06
0,602.4,269.7,0,,2.50449e+06
0,610.9,275.5,0,,2.50451e+06
0,607.5,274.4,0,,2.50453e+06
0,621.1,281.2,0,,2.50454e+06
0,621,279,0,,2.50456e+06
0,613.4,274.3,0,,2.50457e+06
0,631.5,281.7,0,,2.50458e+06
0,631.5,281.7,0,,2.50458e+06
0,622.7,274.4,0,,2.50462e+06
0,633.2,279.9,0,,2.50463e+06
0,616.7,266.5,0,,2.50466e+06
0,626.1,273.8,0,,2.50467e+06
0,627.4,277.2,0,,2.50469e+06
0,615.5,273.9,0,,2.50470e+06
0,615.5,273.9,0,,2.50470e+06
0,615.5,273.9,0,,2.50470e+06
0,615.5,273.9,0,,2.50470e+06
0,615.5,273.9,0,,2.50470e+06
0,564,252.7,0,,2.5048e+06
0,564,252.7,0,,2.5048e+06
0,564.5,231,0,,2.50483e+06
0,550.5,213.7,0,,2.50484e+06
0,550.5,213.7,0,,2.50484e+06
0,543.5,215.8,0,,2.50487e+06
0,542.7,216.6,0,,2.50488e+06
0,542.7,216.6,0,,2.50488e+06
0,524.7,211.3,0,,2.50492e+06
0,524.4,216.3,0,,2.50493e+06
0,525.3,215.6,0,,2.50496e+06
0,525.5,214,0,,2.50497e+06
0,525.5,214,0,,2.50497e+06
0,524.4,213.8,0,,2.505e+06
0,509.6,203.8,0,,2.50502e+06
0,509.6,203.8,0,,2.50502e+06
0,509.6,203.8,0,,2.50502e+06
0,470,194.2,0,,2.50508e+06
0,135.3,14.7,0,,2.50509e+06
0,108.1,6.4,0,,2.50511e+06
0,108.1,6.4,0,,2.50511e+06
0,100.5,0.4,0,,2.50514e+06
0,-48.5,-67.7,0,,2.50515e+06
0,-21.3,-48.1,0,,2.50517e+06
0,-21.3,-48.1,0,,2.50517e+06
0,-126.1,-57,0,,2.50521e+06
0,-126.1,-57,0,,2.50521e+06
0,-126.5,-55.7,0,,2.50523e+06
0,25,-17.4,0,,2.50526e+06
0,86.3,7.3,0,,2.50528e+06
0,258.9,89,0,,2.5053e+06
0,400.3,161.9,0,,2.50531e+06
0,552.6,256.9,0,,2.50532e+06
0,568.9,268.3,0,,2.50534e+06
0,568.9,268.3,0,,2.50534e+06
0,592.7,289.7,0,,2.50538e+06
0,597.9,304.6,0,,2.50539e+06
0,606.1,314.5,0,,2.50541e+06
0,597.8,314.9,0,,2.50542e+06
0,582,305.9,0,,2.50544e+06
0,588,302.1,0,,2.50545e+06
0,534.7,275.7,0,,2.50547e+06
0,534.7,275.7,0,,2.50547e+06
0,534.7,275.7,0,,2.50547e+06
0,379,187.7,0,,2.50553e+06
0,275.1,132.6,0,,2.50555e+06
0,283.7,123.7,0,,2.50556e+06
0,267.6,124.6,0,,2.50558e+06
0,203.7,82.1,0,,2.50559e+06
0,-120.8,-58.3,0,,2.50562e+06
0,-120.8,-58.3,0,,2.50562e+06
0,-120.8,-58.3,0,,2.50562e+06
0,-120.8,-58.3,0,,2.50562e+06
0,-224.6,-163,0,,2.50567e+06
0,-224.6,-163,0,,2.50567e+06
0,-230.2,-162.7,0,,2.50571e+06
0,-230.2,-162.7,0,,2.50571e+06
0,-224.7,-144.3,0,,2.50575e+06
0,-224.7,-144.3,0,,2.50575e+06
0,-224.7,-144.3,0,,2.50575e+06
0,-234.4,-172.3,0,,2.50579e+06
0,-234.4,-172.3,0,,2.50579e+06
0,-239.3,-185.9,0,,2.50583e+06
0,-242.1,-181.1,0,,2.50584e+06
0,-242.1,-181.1,0,,2.50584e+06
0,-252.1,-186.1,0,,2.50587e+06
0,-255.1,-187.7,0,,2.50588e+06
0,-255.1,-187.7,0,,2.50588e+06
0,-234.6,-188.1,0,,2.50593e+06
0,-234.6,-188.1,0,,2.50593e+06
0,-230.9,-187.7,0,,2.50596e+06
0,-236.6,-181.4,0,,2.50598e+06
0,-236.6,-181.4,0,,2.50598e+06
0,-236.2,-174.3,0,,2.50601e+06
0,-235.4,-171.1,0,,2.50602e+06
0,-235.4,-171.1,0,,2.50602e+06
0,-235.4,-167.5,0,,2.50605e+06
0,-235.5,-169.4,0,,2.50607e+06
0,-235.5,-169.4,0,,2.50607e+06
0,-235.5,-169.4,0,,2.50607e+06
0,-80.7,59.3,0,,2.50612e+06
0,-95.9,50.1,0,,2.50615e+06
0,-102.9,45.9,0,,2.50616e+06
0,-102.9,45.9,0,,2.50616e+06
0,-127.9,36.1,0,,2.50619e+06
0,-131.6,51.8,0,,2.5062e+06
0,-131.6,51.8,0,,2.5062e+06
0,-129.5,53.5,0,,2.50624e+06
0,-129.5,53.5,0,,2.50624e+06
0,-119.9,100.8,0,,2.50628e+06
0,-128.7,88.1,0,,2.50629e+06
0,-128.7,88.1,0,,2.50629e+06
0,-123.7,66.7,0,,2.50632e+06
0,-110.5,61.4,0,,2.50634e+06
0,-110.5,61.4,0,,2.50634e+06
0,-113,57.1,0,,2.50638e+06
0,-113,57.1,0,,2.50638e+06
0,-113,57.1,0,,2.50638e+06
0,-108.2,74.7,0,,2.50643e+06
0,-108.2,74.7,0,,2.50643e+06
0,-119.5,68.8,0,,2.50646e+06
0,-119.1,63.3,0,,2.50647e+06
0,-119.1,63.3,0,,2.50647e+06
0,-108.1,59,0,,2.50652e+06
0,-108.1,59,0,,2.50652e+06
0,-108.1,59,0,,2.50652e+06
0,-98.3,59.1,0,,2.50656e+06
0,-98.3,59.1,0,,2.50656e+06
0,-98.3,59.1,0,,2.50656e+06
0,-124.5,38.1,0,,2.50661e+06
0,-124.5,38.1,0,,2.50661e+06
0,-127.6,43.3,0,,2.50664e+06
0,-106.9,57.6,0,,2.50665e+06
0,-106.9,57.6,0,,2.50665e+06
0,-110.5,54.6,0,,2.50669e+06
0,-110.5,54.6,0,,2.50669e+06
0,-132,35.5,0,,2.50673e+06
0,-113.1,48.2,0,,2.50674e+06
0,-113.1,48.2,0,,2.50674e+06
0,-135.7,38.2,0,,2.50678e+06
0,-122.5,46.6,0,,2.50679e+06
0,-122.5,46.6,0,,2.50679e+06
0,-122.5,50.2,0,,2.50683e+06
0,-113.3,62.8,0,,2.50684e+06
0,-113.3,62.8,0,,2.50684e+06
0,-138.3,39.6,0,,2.50688e+06
0,-116.1,47.4,0,,2.5069e+06
0,-7.40002,17.8,0,,2.50691e+06
0,293.4,138,0,,2.50692e+06
0,227.8,99.2,0,,2.50694e+06
0,306.9,145.9,0,,2.50696e+06
0,403.4,225.8,0,,2.50697e+06
0,475.3,274.4,0,,2.50699e+06
0,567.3,367.8,0,,2.50701e+06
0,567.3,367.8,0,,2.50701e+06
0,568,354.5,0,,2.50705e+06
0,544.4,336.8,0,,2.50706e+06
0,566.9,354.6,0,,2.50708e+06
0,572.5,358,0,,2.50709e+06
0,589.7,360.6,0,,2.50712e+06
0,602.8,373.8,0,,2.50713e+06
0,602.8,373.8,0,,2.50713e+06
0,625.5,388.4,0,,2.50716e+06
0,619.4,378.8,0,,2.50718e+06
0,615.4,371.4,0,,2.50719e+06
0,588.7,326.1,0,,2.50721e+06
0,581.3,301.6,0,,2.50723e+06
0,581.3,301.6,0,,2.50723e+06
0,580.4,286.7,0,,2.50727e+06
0,580.1,282.7,0,,2.50728e+06
0,580.1,282.7,0,,2.50728e+06
0,579.9,279.1,0,,2.50731e+06
0,580,278.5,0,,2.50732e+06
0,579.9,275.9,0,,2.50734e+06
0,575.7,273,0,,2.50736e+06
0,553.7,255,0,,2.50737e+06
0,557.1,261,0,,2.50739e+06
0,549.7,261.6,0,,2.50741e+06
0,546.8,262.9,0,,2.50743e+06
0,546.8,262.9,0,,2.50743e+06
0,555.5,262,0,,2.50746e+06
0,552.2,262.6,0,,2.50748e+06
0,553.8,259.8,0,,2.50749e+06
0,555.8,262.1,0,,2.5075e+06
0,566.3,259.2,0,,2.50752e+06
0,565.8,262.7,0,,2.50755e+06
0,564,250.1,0,,2.50757e+06
0,561.9,244.2,0,,2.50758e+06
0,561.9,244.2,0,,2.50758e+06
0,551.4,228.7,0,,2.50761e+06
0,500.1,175.6,0,,2.50763e+06
0,474.1,170.7,0,,2.50764e+06
0,474.1,170.7,0,,2.50764e+06
0,44.7,-22.5,0,,2.50768e+06
0,44.7,-22.5,0,,2.50768e+06
0,-59.7,-69.2,0,,2.50772e+06
0,-61.3,-70.3,0,,2.50773e+06
0,-61.3,-70.3,0,,2.50773e+06
0,-67.2,-78.3,0,,2.50776e+06
0,-67.2,-78.3,0,,2.50776e+06
0,-67.2,-78.3,0,,2.50776e+06
0,-67.2,-78.3,0,,2.50776e+06
0,-67.2,-78.3,0,,2.50776e+06
0,-67.2,-78.3,0,,2.50776e+06
0,-67.2,-78.3,0,,2.50776e+06
0,-67.2,-78.3,0,,2.50776e+06
0,-67.2,-78.3,0,,2.50776e+06
0,-67.2,-78.3,0,,2.50776e+06
0,-67.2,-78.3,0,,2.50776e+06
0,-67.2,-78.3,0,,2.50776e+06
0,-67.2,-78.3,0,,2.50776e+06
0,-67.2,-78.3,0,,2.50776e+06
0,-67.2,-78.3,0,,2.50776e+06
0,-67.2,-78.3,0,,2.50776e+06
0,-67.2,-78.3,0,,2.50776e+06
0,-67.2,-78.3,0,,2.50776e+06
0,-67.2,-78.3,0,,2.50776e+06
0,-295.2,-200.1,0,,2.50808e+06
0,-295.2,-200.1,0,,2.50808e+06
0,-295.2,-200.1,0,,2.50811e+06
0,-294.1,-201.3,0,,2.50813e+06
0,-294.1,-201.3,0,,2.50813e+06
0,-288.4,-207.7,0,,2.50817e+06
0,-285.2,-210.6,0,,2.50818e+06
0,-285.2,-210.6,0,,2.50818e+06
0,-276.2,-206.5,0,,2.50821e+06
0,-257.6,-188.7,0,,2.50822e+06
0,-257.6,-188.7,0,,2.50822e+06
0,-228.5,-135.2,0,,2.50827e+06
0,-228.5,-135.2,0,,2.50827e+06
0,-228.5,-135.2,0,,2.50827e+06
0,-198.5,-95.7,0,,2.50832e+06
0,-198.5,-95.7,0,,2.50832e+06
0,-198.5,-95.7,0,,2.50832e+06
0,-176.2,-70.9,0,,2.50836e+06
0,-176.2,-70.9,0,,2.50836e+06
0,-145.7,-35.6,0,,2.50839e+06
0,-149.7,-38.4,0,,2.50840e+06
0,-149.7,-38.4,0,,2.50840e+06
0,-111.5,21.5,0,,2.50845e+06
0,-111.5,21.5,0,,2.50845e+06
0,-105.3,32.8,0,,2.50848e+06
0,-105.3,32.8,0,,2.50848e+06
0,-105.3,32.8,0,,2.50848e+06
0,-108.5,26.7,0,,2.50853e+06
0,-106.4,25.9,0,,2.50854e+06
0,-106.4,25.9,0,,2.50854e+06
0,-120.6,28.5,0,,2.50858e+06
0,-120.6,28.5,0,,2.50858e+06
0,-120.1,24.2,0,,2.50862e+06
0,-125.1,22.3,0,,2.50863e+06
0,-125.1,22.3,0,,2.50863e+06
0,-137.1,14.5,0,,2.50866e+06
0,-137.5,14.4,0,,2.50868e+06
0,-137.5,14.4,0,,2.50868e+06
0,-138.7,13.3,0,,2.50871e+06
0,-137.7,11,0,,2.50872e+06
0,-137.7,11,0,,2.50872e+06
0,-137.7,11,0,,2.50872e+06
0,-137.7,11,0,,2.50872e+06
0,-137.7,11,0,,2.50872e+06
0,-137.7,11,0,,2.50872e+06
0,-137.7,11,0,,2.50872e+06
0,-146.2,22.6,0,,2.50884e+06
0,-146.2,22.6,0,,2.50884e+06
0,-146.2,22.6,0,,2.50884e+06
0,-192.2,-20.1,0,,2.5089e+06
0,-192.2,-20.1,0,,2.5089e+06
0,-175.4,24.3,0,,2.50893e+06
0,-175.4,24.3,0,,2.50893e+06
0,-175.4,24.3,0,,2.50893e+06
0,-154.1,69.8,0,,2.50898e+06
0,-173.9,70.7,0,,2.50899e+06
0,-173.9,70.7,0,,2.50899e+06
0,-177.7,68.7,0,,2.50903e+06
0,-177.7,68.7,0,,2.50903e+06
0,-177.7,68.7,0,,2.50903e+06
0,-193.7,12.3,0,,2.50908e+06
0,-193.7,12.3,0,,2.50908e+06
0,-199.4,-8,0,,2.50912e+06
0,-200.2,-8.4,0,,2.50913e+06
0,-200.2,-8.4,0,,2.50913e+06
0,-200.2,-8.4,0,,2.50913e+06
0,-200.2,-8.4,0,,2.50913e+06
0,-200.2,-8.4,0,,2.50913e+06
0,-200.2,-8.4,0,,2.50913e+06
0,-200.2,-8.4,0,,2.50913e+06
0,-200.2,-8.4,0,,2.50913e+06
0,-200.2,-8.4,0,,2.50913e+06
0,-200.2,-8.4,0,,2.50913e+06
0,-231.7,-53.2,0,,2.50929e+06
0,-231.7,-53.2,0,,2.50929e+06
0,-222,-36.4,0,,2.50934e+06
0,-222,-36.4,0,,2.50935e+06
0,-222,-36.4,0,,2.50935e+06
0,-175.7,8.1,0,,2.50938e+06
0,-175.7,8.1,0,,2.50938e+06
0,-175.7,8.1,0,,2.50938e+06
0,-155.2,27.8,0,,2.50944e+06
0,-154.6,27.8,0,,2.50944e+06
0,-154.6,27.8,0,,2.50944e+06
0,-150.3,23.3,0,,2.50948e+06
0,-150.3,23.3,0,,2.50948e+06
0,-146.8,21.5,0,,2.50952e+06
0,-147.2,21.1,0,,2.50953e+06
0,-147.2,21.1,0,,2.50953e+06
0,-146.7,8.2,0,,2.50956e+06
0,-151,12.1,0,,2.50957e+06
0,-151,12.1,0,,2.50957e+06
0,-169.4,6.6,0,,2.50962e+06
0,-169.4,6.6,0,,2.50962e+06
0,-169.4,6.6,0,,2.50962e+06
0,-169.4,6.6,0,,2.50962e+06
0,-169.4,6.6,0,,2.50962e+06
0,-169.4,6.6,0,,2.50962e+06
0,-169.4,6.6,0,,2.50962e+06
0,-169.4,6.6,0,,2.50962e+06
0,600.1,361.3,0,,2.50975e+06
0,600.1,361.3,0,,2.50975e+06
0,601.2,368.5,0,,2.50979e+06
0,600.2,400.7,0,,2.5098e+06
0,600.2,400.7,0,,2.5098e+06
0,599.4,406.4,0,,2.50983e+06
0,599.4,406.4,0,,2.50983e+06
0,641.5,431.7,0,,2.50986e+06
0,666.9,445.7,0,,2.50988e+06
0,680.9,452.4,0,,2.50989e+06
0,702.8,465.8,0,,2.50991e+06
0,701,482.5,0,,2.50993e+06
0,692.9,477.2,0,,2.50995e+06
0,673.2,436.7,0,,2.50997e+06
0,669.7,430.5,0,,2.50998e+06
0,669.7,430.5,0,,2.50998e+06
0,641.9,373,0,,2.51001e+06
0,617,350,0,,2.51002e+06
0,609.1,313.5,0,,2.51004e+06
0,601.2,296.9,0,,2.51007e+06
0,599.2,287,0,,2.51009e+06
0,610.6,297.5,0,,2.5101e+06
0,614.8,301.1,0,,2.51012e+06
0,615.6,300.8,0,,2.51013e+06
0,615.6,300.8,0,,2.51013e+06
0,615.6,300.8,0,,2.51013e+06
0,562.1,263.2,0,,2.51018e+06
0,548.5,253.4,0,,2.5102e+06
0,548.5,253.4,0,,2.5102e+06
0,550,256.6,0,,2.51023e+06
0,550.2,258.4,0,,2.51025e+06
0,549.1,256.3,0,,2.51027e+06
0,548.9,258.5,0,,2.51028e+06
0,548.9,258.5,0,,2.51028e+06
0,543.7,250.4,0,,2.51031e+06
0,543.8,249.8,0,,2.51033e+06
0,543.8,249.8,0,,2.51033e+06
0,545.2,246.5,0,,2.51037e+06
0,545.2,246.5,0,,2.51037e+06
0,545.8,245.1,0,,2.5104e+06
0,546.6,238.1,0,,2.51042e+06
0,546.3,237,0,,2.51043e+06
0,546.3,237,0,,2.51043e+06
0,548.9,230.5,0,,2.51046e+06
0,584.8,242.7,0,,2.51048e+06
0,584.8,242.7,0,,2.51048e+06
0,590.8,263.1,0,,2.51051e+06
0,610.8,282.1,0,,2.51052e+06
0,618.6,283.2,0,,2.51055e+06
0,624.5,294,0,,2.51057e+06
0,624.5,294,0,,2.51057e+06
0,624.5,294,0,,2.51057e+06
0,601.7,246.1,0,,2.51062e+06
0,554.8,219.8,0,,2.51063e+06
0,572,228.9,0,,2.51065e+06
0,606.6,246.2,0,,2.51066e+06
0,605.3,247.1,0,,2.51068e+06
0,600.2,250.3,0,,2.51069e+06
0,596.3,252.2,0,,2.51072e+06
0,590.9,254.5,0,,2.51073e+06
0,590.9,254.5,0,,2.51073e+06
0,586.6,254.3,0,,2.51076e+06
0,584.8,253.6,0,,2.51078e+06
0,584.8,253.6,0,,2.51078e+06
0,586.9,254.2,0,,2.51082e+06
0,586.3,253.9,0,,2.51084e+06
0,587.5,247.3,0,,2.51085e+06
0,587.2,244.6,0,,2.51087e+06
0,585.5,245.4,0,,2.51088e+06
0,585.5,245.4,0,,2.51088e+06
0,584.4,245.8,0,,2.51091e+06
0,582.3,249.4,0,,2.51092e+06
0,602.5,258.8,0,,2.51094e+06
0,609.3,256.5,0,,2.51097e+06
0,598.8,252.6,0,,2.51099e+06
0,598.8,255.5,0,,2.51100e+06
0,609.5,251.8,0,,2.51102e+06
0,598.2,247.9,0,,2.51103e+06
0,598.2,247.9,0,,2.51103e+06
0,598.5,244.8,0,,2.51106e+06
0,594,238.1,0,,2.51108e+06
0,555.8,203.8,0,,2.5111e+06
0,537.8,191.6,0,,2.51112e+06
0,542.5,192.9,0,,2.51114e+06
0,527.3,177,0,,2.51115e+06
0,521.5,166.5,0,,2.51117e+06
0,513,163.2,0,,2.51118e+06
0,513,163.2,0,,2.51118e+06
0,478.4,147.9,0,,2.51121e+06
0,511.7,161.5,0,,2.51123e+06
0,501.9,147,0,,2.51124e+06
0,487.9,147.1,0,,2.51127e+06
0,276.8,46,0,,2.51128e+06
0,190.5,7.5,0,,2.5113e+06
0,149.1,-6.7,0,,2.51132e+06
0,71.9,-27.8,0,,2.51133e+06
0,71.9,-27.8,0,,2.51133e+06
0,-0.300049,-54.5,0,,2.51136e+06
0,-0.300049,-54.5,0,,2.51136e+06
0,3.19995,-47.8,0,,2.51139e+06
0,5.30005,-28,0,,2.51141e+06
0,-2,-36.1,0,,2.51144e+06
0,0.699951,5.6,0,,2.51146e+06
0,0.699951,5.6,0,,2.51146e+06
0,9.80005,24.3,0,,2.51149e+06
0,9.80005,24.3,0,,2.51149e+06
0,9.80005,24.3,0,,2.51149e+06
0,58.2,110.3,0,,2.51153e+06
0,23.2,161.8,0,,2.51154e+06
0,-43.8,122.9,0,,2.51157e+06
0,-15.1,149.8,0,,2.51159e+06
0,-87.9,37.2,0,,2.51162e+06
0,-87.9,37.2,0,,2.51162e+06
0,-143.8,-10.9,0,,2.51163e+06
0,-143.8,-10.9,0,,2.51163e+06
0,-154.6,-49.4,0,,2.51167e+06
0,-168,-52.2,0,,2.51169e+06
0,-168,-52.2,0,,2.51169e+06
0,-140.2,-59.8,0,,2.51171e+06
0,-148.8,-38,0,,2.51172e+06
0,-148.7,-35.2,0,,2.51175e+06
0,-154.9,-32.2,0,,2.51177e+06
0,-154.9,-32.2,0,,2.51177e+06
0,-154.9,-32.2,0,,2.51177e+06
0,-100.5,68.9,0,,2.51181e+06
0,-100.5,68.9,0,,2.51181e+06
0,-101.1,29,0,,2.51186e+06
0,-101.1,29,0,,2.51186e+06
0,-101.1,29,0,,2.51186e+06
0,-108,42.3,0,,2.5119e+06
0,-108,42.3,0,,2.5119e+06
0,-108,42.3,0,,2.5119e+06
0,-108,42.3,0,,2.5119e+06
0,-108,42.3,0,,2.5119e+06
0,-110.1,88.2,0,,2.51199e+06
0,-110.1,88.2,0,,2.512e+06
0,-110.1,88.2,0,,2.512e+06
0,-56.6,175.4,0,,2.51204e+06
0,-57.1,164.4,0,,2.51205e+06
0,-82.6,103.8,0,,2.51207e+06
0,-100.5,56.9,0,,2.51208e+06
0,-100.5,56.9,0,,2.51208e+06
0,-108.9,34.2,0,,2.51211e+06
0,-103.2,44.2,0,,2.51213e+06
0,-100.2,49.2,0,,2.51214e+06
0,-100.2,49.2,0,,2.51214e+06
0,-87,77.1,0,,2.51219e+06
0,-87,77.1,0,,2.51219e+06
0,-82,87,0,,2.51222e+06
0,-58.7,137,0,,2.51223e+06
0,-58.7,137,0,,2.51223e+06
0,-59.9,136.8,0,,2.51227e+06
0,-59.9,136.8,0,,2.51227e+06
0,-61.6,129.9,0,,2.51231e+06
0,-65.4,121.1,0,,2.51232e+06
0,-65.4,121.1,0,,2.51232e+06
0,-68.5,100.7,0,,2.51235e+06
0,-68.5,92,0,,2.51236e+06
0,-70,78,0,,2.51238e+06
0,-70,78,0,,2.51238e+06
0,-69.1,78.6,0,,2.51241e+06
0,-70.7,78.1,0,,2.51243e+06
0,-75.4,67.9,0,,2.51246e+06
0,-75.4,67.9,0,,2.51246e+06
0,-50,95.4,0,,2.51248e+06
0,-26.5,142.4,0,,2.5125e+06
0,-22.5,145.2,0,,2.51251e+06
0,-22.5,145.2,0,,2.51251e+06
0,-6.19995,155.2,0,,2.51254e+06
0,-6.19995,155.2,0,,2.51254e+06
0,18.5,165,0,,2.51259e+06
0,18.5,165,0,,2.51259e+06
0,17.6,168,0,,2.51262e+06
0,11.4,183.7,0,,2.51263e+06
0,11.4,183.7,0,,2.51263e+06
0,-3.5,186.6,0,,2.51267e+06
0,-13.8,187.6,0,,2.51268e+06
0,-13.8,187.6,0,,2.51268e+06
0,-15.5,188.4,0,,2.51271e+06
0,-12,188.1,0,,2.51273e+06
0,-12,188.1,0,,2.51273e+06
0,-18,178.4,0,,2.51277e+06
0,-18,178.4,0,,2.51277e+06
0,-37.9,202.7,0,,2.51281e+06
0,-38,205.6,0,,2.51282e+06
0,-38,205.6,0,,2.51282e+06
0,-38,205.6,0,,2.51282e+06
0,-48.6,161.5,0,,2.51288e+06
0,-50.1,132.3,0,,2.51289e+06
0,-50.1,132.3,0,,2.51289e+06
0,-57.4,119.1,0,,2.51292e+06
0,-57.4,119.1,0,,2.51292e+06
0,-57.4,119.1,0,,2.51292e+06
0,-56.6,97.3,0,,2.51297e+06
0,-56.6,97.3,0,,2.51297e+06
0,-56.6,97.3,0,,2.51297e+06
0,-56.6,97.3,0,,2.51297e+06
0,-105.1,90.6,0,,2.51303e+06
0,-105.1,90.6,0,,2.51303e+06
0,-122.7,67.4,0,,2.51307e+06
0,-105.3,66.2,0,,2.51309e+06
0,-105.3,66.2,0,,2.51309e+06
0,-100.9,103.3,0,,2.51312e+06
0,-100.6,110.8,0,,2.51314e+06
0,-100.6,110.8,0,,2.51314e+06
0,-98.1,119,0,,2.51317e+06
0,-102.2,108,0,,2.51318e+06
0,-102.2,108,0,,2.51318e+06
0,-117,84.5,0,,2.51322e+06
0,-117,84.5,0,,2.51322e+06
0,-107.8,102.1,0,,2.51326e+06
0,-122.4,81.6,0,,2.51326e+06
0,-122.4,81.6,0,,2.51326e+06
0,-115,91.7,0,,2.51331e+06
0,-115,91.7,0,,2.51331e+06
0,-103.8,127.4,0,,2.51334e+06
0,-103.8,127.4,0,,2.51334e+06
0,-103.8,127.4,0,,2.51334e+06
0,-96.1,126.5,0,,2.51339e+06
0,-96.1,126.5,0,,2.51339e+06
0,-96.1,126.5,0,,2.51339e+06
0,-103.4,123.1,0,,2.51344e+06
0,-103.4,123.1,0,,2.51344e+06
0,-103.4,123.1,0,,2.51344e+06
0,-69,111.6,0,,2.51348e+06
0,-69,111.6,0,,2.51348e+06
0,-65.9,110.3,0,,2.51353e+06
0,-65.9,110.3,0,,2.51353e+06
0,-65.9,110.3,0,,2.51353e+06
0,-71.6,109.4,0,,2.51357e+06
0,-71.6,109.4,0,,2.51357e+06
0,-71.6,109.4,0,,2.51357e+06
0,-67.8,102.9,0,,2.51362e+06
0,-67.8,102.9,0,,2.51362e+06
0,-65.6,100.3,0,,2.51366e+06
0,97.4,241.7,0,,2.51367e+06
0,213.6,296.1,0,,2.51369e+06
0,296,363.1,0,,2.5137e+06
0,319.1,362.2,0,,2.51372e+06
0,617.1,610.1,0,,2.51373e+06
0,578.1,577.4,0,,2.51376e+06
0,578.1,577.4,0,,2.51376e+06
0,683.6,733.4,0,,2.51378e+06
0,666.2,749.1,0,,2.51381e+06
0,674.5,774.4,0,,2.51383e+06
0,674.5,774.4,0,,2.51383e+06
0,674.2,775.2,0,,2.51385e+06
0,670.6,763.1,0,,2.51387e+06
0,665.3,763.3,0,,2.51388e+06
0,665.3,763.3,0,,2.51388e+06
0,650.7,761.7,0,,2.51391e+06
0,618.4,724.6,0,,2.51394e+06
0,618.4,724.6,0,,2.51394e+06
0,183.2,227.7,0,,2.51397e+06
0,73.3,109.5,0,,2.51398e+06
0,73.3,109.5,0,,2.51398e+06
0,11.2,40,0,,2.51402e+06
0,-85.1,-68,0,,2.51403e+06
0,-85.1,-68,0,,2.51403e+06
0,-134.3,-59,0,,2.51407e+06
0,-134.3,-59,0,,2.51407e+06
0,-180.3,-54.8,0,,2.51411e+06
0,-190.8,-52.7,0,,2.51412e+06
0,-190.8,-52.7,0,,2.51412e+06
0,-202.9,-36,0,,2.51415e+06
0,-199.7,-65.9,0,,2.51416e+06
0,-199.7,-65.9,0,,2.51416e+06
0,-199.7,-65.9,0,,2.51416e+06
0,-199.7,-65.9,0,,2.51416e+06
0,-134.2,13.8,0,,2.51424e+06
0,-106.7,-3.5,0,,2.51425e+06
0,208.4,150.6,0,,2.51427e+06
0,239.9,157.6,0,,2.51429e+06
0,290,210.8,0,,2.5143e+06
0,290,210.8,0,,2.5143e+06
0,294.4,216.1,0,,2.51433e+06
0,294.4,216.1,0,,2.51433e+06
0,287,145.8,0,,2.51438e+06
0,302.4,159.3,0,,2.51439e+06
0,302.4,159.3,0,,2.51439e+06
0,350.4,220.1,0,,2.51441e+06
0,243.6,181,0,,2.51444e+06
0,243.6,181,0,,2.51444e+06
0,239.1,181.3,0,,2.51447e+06
0,159.7,128.8,0,,2.51448e+06
0,159.7,128.8,0,,2.51448e+06
0,47.7,39.2,0,,2.51452e+06
0,47.7,39.2,0,,2.51452e+06
0,-80.1,28.8,0,,2.51456e+06
0,-83,31.9,0,,2.51457e+06
0,-83,31.9,0,,2.51457e+06
0,-96.6,35.2,0,,2.5146e+06
0,-73.2,79.6,0,,2.51461e+06
0,-66.6,87,0,,2.51463e+06
0,-66.6,87,0,,2.51463e+06
0,-66.6,87,0,,2.51463e+06
0,-66.6,87,0,,2.51463e+06
0,-66.6,87,0,,2.51463e+06
0,-66.6,87,0,,2.51463e+06
0,-156.4,-92.2,0,,2.51474e+06
0,-156.4,-92.2,0,,2.51475e+06
0,-156.4,-92.2,0,,2.51475e+06
0,-178.5,-72,0,,2.51478e+06
0,-178.5,-72,0,,2.51478e+06
0,-174.9,-47.1,0,,2.51483e+06
0,-174.8,-46.1,0,,2.51484e+06
0,-174.8,-46.1,0,,2.51484e+06
0,-174.8,-43.6,0,,2.51488e+06
0,-173.8,-21.8,0,,2.51489e+06
0,-173.8,-21.8,0,,2.51489e+06
0,-169.8,-30,0,,2.51492e+06
0,-170.5,-27.4,0,,2.51493e+06
0,-170.5,-27.4,0,,2.51493e+06
0,-174.5,-30.7,0,,2.51498e+06
0,-174.5,-30.7,0,,2.51498e+06
0,-154.6,9.8,0,,2.51501e+06
0,-127.6,8.3,0,,2.51502e+06
0,-127.6,8.3,0,,2.51502e+06
0,-126.9,35.3,0,,2.51505e+06
0,-121.3,39.8,0,,2.51507e+06
0,-121.3,39.8,0,,2.51507e+06
0,-121.3,39.8,0,,2.51507e+06
0,-110.6,52,0,,2.51512e+06
0,-107.5,50.3,0,,2.51513e+06
0,-94.6,76.6,0,,2.51516e+06
0,-15.2,115.5,0,,2.51517e+06
0,2.5,183.3,0,,2.51519e+06
0,1.90002,173.2,0,,2.5152e+06
0,7.80005,177.1,0,,2.51522e+06
0,14.4,190.3,0,,2.51523e+06
0,34.4,239.7,0,,2.51526e+06
0,44,251,0,,2.51528e+06
0,53.1,276.1,0,,2.51529e+06
0,66.3,289.3,0,,2.51531e+06
0,135.1,357.8,0,,2.51532e+06
0,143,375,0,,2.51534e+06
0,142.9,379.1,0,,2.51536e+06
0,172.1,415.6,0,,2.51537e+06
0,186.5,435.1,0,,2.51538e+06
0,201.8,467,0,,2.51541e+06
0,206.6,471.4,0,,2.51542e+06
0,245,502.9,0,,2.51544e+06
0,254.3,512.4,0,,2.51546e+06
0,269,524.8,0,,2.51547e+06
0,296.4,552.2,0,,2.51549e+06
0,304.2,559.3,0,,2.51551e+06
0,318.6,572.4,0,,2.51552e+06
0,374.3,614.7,0,,2.51554e+06
0,374.3,614.7,0,,2.51554e+06
0,417.1,660.8,0,,2.51558e+06
0,409.1,646.1,0,,2.51559e+06
0,423.8,662.9,0,,2.5156e+06
0,448.5,705.8,0,,2.51562e+06
0,497.3,745.9,0,,2.51564e+06
0,511.3,752.7,0,,2.51565e+06
0,522.6,762.2,0,,2.51567e+06
0,534.1,775.8,0,,2.51568e+06
0,534.1,775.8,0,,2.51568e+06
0,562,797.6,0,,2.51573e+06
0,565.6,801.8,0,,2.51574e+06
0,557,815.1,0,,2.51576e+06
0,556.7,819,0,,2.51577e+06
0,557.3,824.7,0,,2.51578e+06
0,556.7,829,0,,2.5158e+06
0,523.5,841.5,0,,2.51583e+06
0,523.5,841.5,0,,2.51583e+06
0,568.8,876.3,0,,2.51586e+06
0,524.3,854,0,,2.51588e+06
0,546.6,865.4,0,,2.51589e+06
0,572.3,873.8,0,,2.51591e+06
0,572.3,873.8,0,,2.51591e+06
0,571.8,873.1,0,,2.51594e+06
0,588.1,880.8,0,,2.51596e+06
0,588.1,880.8,0,,2.51596e+06
0,593.4,900.3,0,,2.51598e+06
0,593.4,907.4,0,,2.51601e+06
0,594.7,912.3,0,,2.51603e+06
0,557,894.3,0,,2.51604e+06
0,485.8,825.2,0,,2.51605e+06
0,438.2,790.4,0,,2.51607e+06
0,373.8,752.9,0,,2.51609e+06
0,380.8,712.1,0,,2.5161e+06
0,298.8,607.3,0,,2.51612e+06
0,374.5,636,0,,2.51614e+06
0,374.5,636,0,,2.51614e+06
0,287.9,521.9,0,,2.51617e+06
0,152.2,359.4,0,,2.51619e+06
0,162.3,360.5,0,,2.51621e+06
0,189.1,418.5,0,,2.51622e+06
0,207.8,433.1,0,,2.51624e+06
0,259.6,441.8,0,,2.51626e+06
0,293.3,468.2,0,,2.51627e+06
0,376.5,596.2,0,,2.51628e+06
0,425,679.2,0,,2.51631e+06
0,425,679.2,0,,2.51631e+06
0,460.2,842.3,0,,2.51635e+06
0,471.9,840.2,0,,2.51636e+06
0,471.9,840.2,0,,2.51636e+06
0,474.5,874.5,0,,2.51639e+06
0,474.5,874.5,0,,2.51639e+06
0,474.5,874.5,0,,2.51639e+06
0,519,923,0,,2.51643e+06
0,519,923,0,,2.51643e+06
0,519,923,0,,2.51643e+06
0,519,923,0,,2.51643e+06
0,519,923,0,,2.51643e+06
0,519,923,0,,2.51643e+06
0,519,923,0,,2.51643e+06
0,519,923,0,,2.51643e+06
0,519,923,0,,2.51643e+06
0,519,923,0,,2.51643e+06
0,519,923,0,,2.51643e+06
0,519,923,0,,2.51643e+06
0,519,923,0,,2.51643e+06
0,519,923,0,,2.51643e+06
0,519,923,0,,2.51643e+06
0,519,923,0,,2.51643e+06
0,519,923,0,,2.51643e+06
0,519,923,0,,2.51643e+06
0,519,923,0,,2.51643e+06
0,519,923,0,,2.51643e+06
0,519,923,0,,2.51643e+06
0,519,923,0,,2.51643e+06
0,519,923,0,,2.51643e+06
0,519,923,0,,2.51643e+06
0,519,923,0,,2.51643e+06
0,519,923,0,,2.51643e+06
0,519,923,0,,2.51643e+06
0,519,923,0,,2.51643e+06
0,519,923,0,,2.51643e+06
0,519,923,0,,2.51643e+06
0,519,923,0,,2.51643e+06
0,519,923,0,,2.51643e+06
0,519,923,0,,2.51643e+06
0,519,923,0,,2.51643e+06
0,519,923,0,,2.51643e+06
0,519,923,0,,2.51643e+06
0,519,923,0,,2.51643e+06
0,519,923,0,,2.51643e+06
0,519,923,0,,2.51643e+06
0,519,923,0,,2.51643e+06
0,519,923,0,,2.51643e+06
0,519,923,0,,2.51643e+06
0,519,923,0,,2.51643e+06
0,519,923,0,,2.51643e+06
0,519,923,0,,2.51643e+06
0,519,923,0,,2.51643e+06
0,519,923,0,,2.51643e+06
0,519,923,0,,2.51643e+06
0,519,923,0,,2.51643e+06
0,519,923,0,,2.51643e+06
0,519,923,0,,2.51643e+06
0,519,923,0,,2.51643e+06
0,519,923,0,,2.51643e+06
0,519,923,0,,2.51643e+06
0,519,923,0,,2.51643e+06
0,519,923,0,,2.51643e+06
0,519,923,0,,2.51643e+06
0,519,923,0,,2.51643e+06
0,519,923,0,,2.51643e+06
0,519,923,0,,2.51643e+06
0,519,923,0,,2.51643e+06
0,519,923,0,,2.51643e+06
0,519,923,0,,2.51643e+06
0,519,923,0,,2.51643e+06
0,519,923,0,,2.51643e+06
0,519,923,0,,2.51643e+06
0,519,923,0,,2.51643e+06
0,519,923,0,,2.51643e+06
0,519,923,0,,2.51643e+06
0,519,923,0,,2.51643e+06
0,519,923,0,,2.51643e+06
0,519,923,0,,2.51643e+06
0,519,923,0,,2.51643e+06
0,519,923,0,,2.51643e+06
0,519,923,0,,2.51643e+06
0,519,923,0,,2.51643e+06
0,519,923,0,,2.51643e+06
0,519,923,0,,2.51643e+06
0,519,923,0,,2.51643e+06
0,519,923,0,,2.51643e+06
0,519,923,0,,2.51643e+06
0,519,923,0,,2.51643e+06
0,519,923,0,,2.51643e+06
0,519,923,0,,2.51643e+06
0,519,923,0,,2.51643e+06
0,519,923,0,,2.51643e+06
0,519,923,0,,2.51643e+06
0,519,923,0,,2.51643e+06
0,519,923,0,,2.51643e+06
0,519,923,0,,2.51643e+06
0,519,923,0,,2.51643e+06
0,519,923,0,,2.51643e+06
0,519,923,0,,2.51643e+06
0,519,923,0,,2.51643e+06
0,519,923,0,,2.51643e+06
0,519,923,0,,2.51643e+06
0,519,923,0,,2.51643e+06
0,519,923,0,,2.51643e+06
0,519,923,0,,2.51643e+06
0,519,923,0,,2.51643e+06
0,519,923,0,,2.51643e+06
0,519,923,0,,2.51643e+06
0,519,923,0,,2.51643e+06
0,519,923,0,,2.51643e+06
0,519,923,0,,2.51643e+06
0,519,923,0,,2.51643e+06
0,519,923,0,,2.51643e+06
0,519,923,0,,2.51643e+06
0,519,923,0,,2.51643e+06
0,519,923,0,,2.51643e+06
0,519,923,0,,2.51643e+06
0,519,923,0,,2.51643e+06
0,519,923,0,,2.51643e+06
0,519,923,0,,2.51643e+06
0,519,923,0,,2.51643e+06
0,519,923,0,,2.51643e+06
0,519,923,0,,2.51643e+06
0,519,923,0,,2.51643e+06
0,519,923,0,,2.51643e+06
0,519,923,0,,2.51643e+06
0,519,923,0,,2.51643e+06
0,519,923,0,,2.51643e+06
0,519,923,0,,2.51643e+06
0,519,923,0,,2.51643e+06
0,519,923,0,,2.51643e+06
0,519,923,0,,2.51643e+06
0,519,923,0,,2.51643e+06
0,519,923,0,,2.51643e+06
0,519,923,0,,2.51643e+06
0,519,923,0,,2.51643e+06
0,519,923,0,,2.51643e+06
0,519,923,0,,2.51643e+06
0,519,923,0,,2.51643e+06
0,519,923,0,,2.51643e+06
0,519,923,0,,2.51643e+06
0,519,923,0,,2.51643e+06
0,519,923,0,,2.51643e+06
0,519,923,0,,2.51643e+06
0,519,923,0,,2.51643e+06
0,519,923,0,,2.51643e+06
0,519,923,0,,2.51643e+06
0,519,923,0,,2.51643e+06
0,519,923,0,,2.51643e+06
0,519,923,0,,2.51643e+06
0,519,923,0,,2.51643e+06
0,519,923,0,,2.51643e+06
0,519,923,0,,2.51643e+06
0,519,923,0,,2.51643e+06
0,519,923,0,,2.51643e+06
0,519,923,0,,2.51643e+06
0,519,923,0,,2.51643e+06
0,519,923,0,,2.51643e+06
0,519,923,0,,2.51643e+06
0,519,923,0,,2.51643e+06
0,519,923,0,,2.51643e+06
0,519,923,0,,2.51643e+06
0,519,923,0,,2.51643e+06
0,519,923,0,,2.51643e+06
0,519,923,0,,2.51643e+06
0,519,923,0,,2.51643e+06
0,519,923,0,,2.51643e+06
0,519,923,0,,2.51643e+06
0,519,923,0,,2.51643e+06
0,519,923,0,,2.51643e+06
0,519,923,0,,2.51643e+06
0,519,923,0,,2.51643e+06
0,519,923,0,,2.51643e+06
0,519,923,0,,2.51643e+06
0,519,923,0,,2.51643e+06
0,519,923,0,,2.51643e+06
0,519,923,0,,2.51643e+06
0,519,923,0,,2.51643e+06
0,519,923,0,,2.51643e+06
0,519,923,0,,2.51643e+06
0,519,923,0,,2.51643e+06
0,519,923,0,,2.51643e+06
0,519,923,0,,2.51643e+06
0,519,923,0,,2.51643e+06
0,519,923,0,,2.51643e+06
0,519,923,0,,2.51643e+06
0,519,923,0,,2.51643e+06
0,519,923,0,,2.51643e+06
0,519,923,0,,2.51643e+06
0,519,923,0,,2.51643e+06
0,519,923,0,,2.51643e+06
0,519,923,0,,2.51643e+06
0,519,923,0,,2.51643e+06
0,519,923,0,,2.51643e+06
0,519,923,0,,2.51643e+06
0,519,923,0,,2.51643e+06
0,519,923,0,,2.51643e+06
0,519,923,0,,2.51643e+06
0,519,923,0,,2.51643e+06
0,519,923,0,,2.51643e+06
0,519,923,0,,2.51643e+06
0,519,923,0,,2.51643e+06
0,519,923,0,,2.51643e+06
0,519,923,0,,2.51643e+06
0,519,923,0,,2.51643e+06
0,519,923,0,,2.51643e+06
0,519,923,0,,2.51643e+06
0,519,923,0,,2.51643e+06
0,519,923,0,,2.51643e+06
0,519,923,0,,2.51643e+06
0,519,923,0,,2.51643e+06
0,519,923,0,,2.51643e+06
0,519,923,0,,2.51643e+06
0,519,923,0,,2.51643e+06
0,519,923,0,,2.51643e+06
0,519,923,0,,2.51643e+06
0,519,923,0,,2.51643e+06
0,519,923,0,,2.51643e+06
0,519,923,0,,2.51643e+06
0,519,923,0,,2.51643e+06
0,519,923,0,,2.51643e+06
0,519,923,0,,2.51643e+06
0,519,923,0,,2.51643e+06
0,519,923,0,,2.51643e+06
0,519,923,0,,2.51643e+06
0,519,923,0,,2.51643e+06
0,519,923,0,,2.51643e+06
0,519,923,0,,2.51643e+06
0,519,923,0,,2.51643e+06
0,519,923,0,,2.51643e+06
0,519,923,0,,2.51643e+06
0,519,923,0,,2.51643e+06
0,519,923,0,,2.51643e+06
0,519,923,0,,2.51643e+06
0,519,923,0,,2.51643e+06
0,519,923,0,,2.51643e+06
0,519,923,0,,2.51643e+06
0,519,923,0,,2.51643e+06
0,519,923,0,,2.51643e+06
0,519,923,0,,2.51643e+06
0,519,923,0,,2.51643e+06
0,519,923,0,,2.51643e+06
0,519,923,0,,2.51643e+06
