page,x,y,word,word_index,timestamp
0,536,499.4,0,graduated,1.22812e+09
0,534.2,495.4,0,graduated,1.22812e+09
0,534.2,495.4,0,graduated,1.22812e+09
0,479.2,494.9,0,never,1.22812e+09
0,341.8,482.6,0,world.,1.22812e+09
0,336.8,481.7,0,world.,1.22812e+09
0,332,483.7,0,world.,1.22812e+09
0,335.5,495.7,0,world.,1.22812e+09
0,335.5,495.7,0,world.,1.22812e+09
0,338.6,499.9,0,world.,1.22812e+09
0,336.2,496.4,0,world.,1.22812e+09
0,336.5,491.4,0,world.,1.22812e+09
0,341.8,499.5,0,world.,1.22812e+09
0,340.7,494.9,0,world.,1.22812e+09
0,344.2,499,0,world.,1.22812e+09
0,344.2,499,0,world.,1.22812e+09
0,341.7,481.5,0,world.,1.22812e+09
0,333.1,496.8,0,world.,1.22812e+09
0,334.7,499.9,0,world.,1.22812e+09
0,336.2,499.3,0,world.,1.22812e+09
0,332.9,495.5,0,world.,1.22812e+09
0,333,493.4,0,world.,1.22812e+09
0,333.2,491.8,0,world.,1.22812e+09
0,336.9,492,0,world.,1.22812e+09
0,336.9,492,0,world.,1.22812e+09
0,473.6,481,0,never,1.22812e+09
0,872.5,417,0,commencement,1.22812e+09
0,1309.3,484.4,0,closest,1.22812e+09
0,1309.3,484.4,0,closest,1.22812e+09
0,1309.3,484.4,0,closest,1.22812e+09
0,1396.7,412.8,0,universities,1.22812e+09
0,1396.9,416.8,0,universities,1.22812e+09
0,1394.5,416.6,0,universities,1.22812e+09
0,357.2,571.4,0,a,1.22812e+09
0,381.1,574,0,college,1.22812e+09
0,391.1,579.6,0,college,1.22812e+09
0,395.9,579.6,0,college,1.22813e+09
0,396.1,579,0,college,1.22813e+09
0,399.4,569.4,0,college,1.22813e+09
0,937.8,498.7,0,Truth,1.22813e+09
0,937.8,498.7,0,Truth,1.22813e+09
0,1152.9,494.8,0,this,1.22813e+09
0,1150.9,491.1,0,this,1.22813e+09
0,1152.2,485.4,0,this,1.22813e+09
0,1150,482,0,this,1.22813e+09
0,1147.2,486.4,0,this,1.22813e+09
0,1148.2,488,0,this,1.22813e+09
0,1149.6,490.2,0,this,1.22813e+09
0,1149.6,490.2,0,this,1.22813e+09
0,1149.3,493,0,this,1.22813e+09
0,1154.6,496,0,this,1.22813e+09
0,1261.5,481.6,0,the,1.22813e+09
0,1261.5,481.6,0,the,1.22813e+09
0,1263.8,488.6,0,the,1.22813e+09
0,1261.4,487.1,0,the,1.22813e+09
0,1262.6,485.4,0,the,1.22813e+09
0,1264.4,482.5,0,the,1.22813e+09
0,1309.7,495,0,closest,1.22813e+09
0,1314.3,494.8,0,closest,1.22813e+09
0,1335,496.2,0,closest,1.22813e+09
0,1338.9,484.6,0,closest,1.22813e+09
0,1338.9,482.3,0,closest,1.22813e+09
0,1338.8,498.8,0,closest,1.22813e+09
0,1349.6,497.4,0,closest,1.22813e+09
0,1360,492.5,0,closest,1.22813e+09
0,1416.8,491.8,0,I've,1.22813e+09
0,1416.1,489.9,0,I've,1.22813e+09
0,1423,486.9,0,I've,1.22813e+09
0,1443,489.6,0,I've,1.22813e+09
0,1438.4,486.6,0,I've,1.22813e+09
0,1438.4,486.6,0,I've,1.22813e+09
0,1454.9,484.7,0,I've,1.22813e+09
0,321.9,653.6,0,big,1.22813e+09
0,579.8,569.3,0,graduation.,1.22813e+09
0,580.9,569,0,graduation.,1.22813e+09
0,586,571.7,0,graduation.,1.22813e+09
0,586.8,574.2,0,graduation.,1.22813e+09
0,809.7,575.5,0,want,1.22813e+09
0,817.8,574.2,0,want,1.22813e+09
0,817.8,574.2,0,want,1.22813e+09
0,829.5,569.1,0,want,1.22813e+09
0,828.7,569,0,want,1.22813e+09
0,817.8,570.2,0,want,1.22813e+09
0,815.7,571,0,want,1.22813e+09
0,813.1,572.3,0,want,1.22813e+09
0,813.3,572.8,0,want,1.22813e+09
0,818.5,574.2,0,want,1.22813e+09
0,832.9,574.6,0,want,1.22813e+09
0,832.9,574.6,0,want,1.22813e+09
0,881.7,576.5,0,to,1.22813e+09
0,923.1,573.4,0,tell,1.22813e+09
0,923.1,573.4,0,tell,1.22813e+09
0,923.1,573.4,0,tell,1.22813e+09
0,1207.3,574.2,0,stories,1.22813e+09
0,1207.3,574.2,0,stories,1.22813e+09
0,1281.1,575,0,from,1.22813e+09
0,1483.7,565.8,0,That's,1.22813e+09
0,320,739.3,0,Reed,1.22813e+09
0,339.4,733.8,0,Reed,1.22813e+09
0,459.6,643.8,0,Just,1.22813e+09
0,459.6,643.8,0,Just,1.22813e+09
0,540.2,642.2,0,three,1.22813e+09
0,540.2,644.1,0,three,1.22813e+09
0,544.1,647.7,0,three,1.22813e+09
0,544.1,647.7,0,three,1.22813e+09
0,547.4,649.1,0,three,1.22813e+09
0,549.3,648.2,0,three,1.22813e+09
0,553.5,656.6,0,three,1.22813e+09
0,552.7,656.2,0,three,1.22813e+09
0,553,655.4,0,three,1.22813e+09
0,553.2,653.8,0,three,1.22813e+09
0,553.5,652.1,0,three,1.22813e+09
0,554.7,655.7,0,three,1.22813e+09
0,554.7,655.7,0,three,1.22813e+09
0,642,658.7,0,stories.,1.22813e+09
0,664.3,659.7,0,stories.,1.22813e+09
0,684.8,658.1,0,stories.,1.22813e+09
0,686,658.4,0,stories.,1.22813e+09
0,637.4,659.7,0,stories.,1.22813e+09
0,909.9,659.4,0,story,1.22813e+09
0,916.7,656.1,0,story,1.22813e+09
0,916.1,648.7,0,story,1.22813e+09
0,916,649.3,0,story,1.22813e+09
0,915.5,647.5,0,story,1.22813e+09
0,916.4,651.5,0,story,1.22813e+09
0,915.9,651,0,story,1.22813e+09
0,922.9,653,0,story,1.22813e+09
0,922.9,653,0,story,1.22813e+09
0,1051.1,657.2,0,about,1.22813e+09
0,1380.6,646.4,0,dots.,1.22813e+09
0,1362.1,645.7,0,dots.,1.22813e+09
0,1391.4,646.9,0,dots.,1.22813e+09
0,1391.4,646.9,0,dots.,1.22813e+09
0,1511.5,641.6,0,dropped,1.22814e+09
0,1511.5,641.6,0,dropped,1.22814e+09
0,1527.1,649.6,0,dropped,1.22814e+09
0,1531.8,649.3,0,dropped,1.22814e+09
0,1540.9,652,0,dropped,1.22814e+09
0,1539,651.9,0,dropped,1.22814e+09
0,1536,649.6,0,dropped,1.22814e+09
0,1536,649.6,0,dropped,1.22814e+09
0,1534.6,644.3,0,dropped,1.22814e+09
0,1534.6,644.3,0,dropped,1.22814e+09
0,1528.7,644.3,0,dropped,1.22814e+09
0,1531.1,650,0,dropped,1.22814e+09
0,1531.3,648.8,0,dropped,1.22814e+09
0,1526.5,650.3,0,dropped,1.22814e+09
0,1520.1,647.6,0,dropped,1.22814e+09
0,1520.1,647.6,0,dropped,1.22814e+09
0,1478.3,648.6,0,dropped,1.22814e+09
0,1478.3,648.6,0,dropped,1.22814e+09
0,397.7,735.7,0,College,1.22814e+09
0,391.2,733.7,0,College,1.22814e+09
0,838.9,732.8,0,months,,1.22814e+09
0,908.5,730.7,0,but,1.22814e+09
0,919.6,730,0,but,1.22814e+09
0,919.6,730,0,but,1.22814e+09
0,1329.9,724,0,drop-in,1.22814e+09
0,1329.9,724,0,drop-in,1.22814e+09
0,1329.9,724,0,drop-in,1.22814e+09
0,1327.5,727.3,0,drop-in,1.22814e+09
0,1327.5,727.3,0,drop-in,1.22814e+09
0,1437.4,723.8,0,for,1.22814e+09
0,1432.7,731.7,0,for,1.22814e+09
0,1531,732.9,0,another,1.22814e+09
0,1527.6,733.3,0,another,1.22814e+09
0,1535.3,733.2,0,another,1.22814e+09
0,1535.8,733.8,0,another,1.22814e+09
0,1536,734.6,0,another,1.22814e+09
0,1535,737.9,0,another,1.22814e+09
0,1535.3,737.8,0,another,1.22814e+09
0,1534.7,735.6,0,another,1.22814e+09
0,1535.3,734.3,0,another,1.22814e+09
0,1535.4,736.4,0,another,1.22814e+09
0,1535.2,736.4,0,another,1.22814e+09
0,1535.2,736.4,0,another,1.22814e+09
0,1535.2,736.4,0,another,1.22814e+09
0,296.6,806.3,0,months,1.22814e+09
0,301.3,811.3,0,months,1.22814e+09
0,300.1,809,0,months,1.22814e+09
0,255.3,817.7,0,months,1.22814e+09
0,249.9,816.2,0,months,1.22814e+09
0,246.6,815,0,months,1.22814e+09
0,251.4,816.5,0,months,1.22814e+09
0,251.4,816.5,0,months,1.22814e+09
0,252.6,817.9,0,months,1.22814e+09
0,401.9,819.5,0,so,1.22814e+09
0,441.2,819.2,0,before,1.22814e+09
0,475.6,819.2,0,before,1.22814e+09
0,483,808.8,0,before,1.22814e+09
0,549.6,814.1,0,I,1.22814e+09
0,553.9,813.9,0,I,1.22814e+09
0,706.7,812.3,0,quit.,1.22814e+09
0,706.7,812.3,0,quit.,1.22814e+09
0,712.7,817.1,0,quit.,1.22814e+09
0,712.7,817.1,0,quit.,1.22814e+09
0,710.4,814,0,quit.,1.22814e+09
0,710.3,808.6,0,quit.,1.22814e+09
0,715.3,813.7,0,quit.,1.22814e+09
0,698.4,818.9,0,quit.,1.22814e+09
0,703.1,813.6,0,quit.,1.22814e+09
0,701.9,814.1,0,quit.,1.22814e+09
0,699.3,811.7,0,quit.,1.22814e+09
0,699,812.2,0,quit.,1.22814e+09
0,698.6,812,0,quit.,1.22814e+09
0,698.6,812,0,quit.,1.22814e+09
0,817.4,817.1,0,why,1.22814e+09
0,841.7,814.3,0,why,1.22814e+09
0,839.2,815.9,0,why,1.22814e+09
0,839.2,815.9,0,why,1.22814e+09
0,837.1,815.4,0,why,1.22814e+09
0,839,816.6,0,why,1.22814e+09
0,838.2,815.7,0,why,1.22814e+09
0,839.7,814.2,0,why,1.22814e+09
0,837.7,811.3,0,why,1.22814e+09
0,837.5,811.2,0,why,1.22814e+09
0,833.5,811,0,why,1.22814e+09
0,831.6,811.5,0,why,1.22814e+09
0,829,810.8,0,why,1.22814e+09
0,828.6,812.3,0,why,1.22814e+09
0,827.1,812.9,0,why,1.22814e+09
0,827.5,812.1,0,why,1.22814e+09
0,826.8,809.5,0,why,1.22814e+09
0,826.5,802.9,0,why,1.22814e+09
0,826.6,802,0,why,1.22814e+09
0,833.6,803.2,0,why,1.22814e+09
0,833.7,802.1,0,why,1.22814e+09
0,843.5,801.5,0,why,1.22814e+09
0,842.4,802,0,why,1.22814e+09
0,843.8,802.3,0,why,1.22814e+09
0,938,811.7,0,I,1.22814e+09
0,978.6,809.9,0,drop,1.22814e+09
0,1002.8,810.6,0,drop,1.22814e+09
0,1064.3,801.7,0,out?,1.22814e+09
0,1075.6,803,0,out?,1.22814e+09
0,1130.8,806.1,0,It,1.22814e+09
0,1207.5,801.6,0,started,1.22814e+09
0,1225.5,803.8,0,started,1.22814e+09
0,1225.5,803.8,0,started,1.22814e+09
0,1225.5,803.8,0,started,1.22814e+09
0,1188.7,809.8,0,started,1.22814e+09
0,1133.4,813.9,0,It,1.22814e+09
0,1130.4,814.1,0,It,1.22814e+09
0,1134.4,808.7,0,It,1.22814e+09
0,1213,802.8,0,started,1.22814e+09
0,1217.3,801.4,0,started,1.22814e+09
0,1221.1,804.2,0,started,1.22814e+09
0,1221.1,804.2,0,started,1.22814e+09
0,1228.7,808.2,0,started,1.22814e+09
0,1338,807.1,0,before,1.22814e+09
0,1337.9,806.7,0,before,1.22814e+09
0,1337.5,807.5,0,before,1.22814e+09
0,1416.6,805.4,0,was,1.22814e+09
0,1434.8,807.2,0,was,1.22814e+09
0,1439,807.8,0,was,1.22814e+09
0,1441.4,807.9,0,was,1.22814e+09
0,1443.9,809.3,0,was,1.22814e+09
0,1443.9,809.3,0,was,1.22814e+09
0,1441.5,805.9,0,was,1.22814e+09
1,1441.8,806.5,0,was,1.22814e+09
1,1491.2,804.9,0,mother,1.22814e+09
1,1492.5,804.8,0,mother,1.22814e+09
1,1490.8,808.3,0,mother,1.22814e+09
1,1491.7,809.6,0,mother,1.22814e+09
1,1495.5,813.3,0,mother,1.22814e+09
1,1495.5,813.3,0,mother,1.22814e+09
1,1495.2,809.8,0,mother,1.22814e+09
1,1495.8,809.1,0,mother,1.22814e+09
1,1496.7,810.8,0,mother,1.22814e+09
1,1496.9,814.5,0,mother,1.22814e+09
1,1492,818.6,0,mother,1.22814e+09
1,281.4,413.9,0,biological,1.22814e+09
1,284.2,416.9,0,biological,1.22814e+09
1,280.1,419.3,0,biological,1.22814e+09
1,279.3,415.1,0,biological,1.22814e+09
1,276.2,412.2,0,biological,1.22814e+09
1,426.7,409.3,0,mother,1.22814e+09
1,426.7,409.3,0,mother,1.22814e+09
1,850.9,412.4,0,college,1.22815e+09
1,856.2,409,0,college,1.22815e+09
1,956.9,411.8,0,graduate,1.22815e+09
1,956.9,411.8,0,graduate,1.22815e+09
1,956.9,411.8,0,graduate,1.22815e+09
1,961.2,413,0,graduate,1.22815e+09
1,965.8,409.2,0,graduate,1.22815e+09
1,966.3,409.7,0,graduate,1.22815e+09
1,966.6,410.4,0,graduate,1.22815e+09
1,973.9,419.5,0,graduate,1.22815e+09
1,973.5,417,0,graduate,1.22815e+09
1,973.5,417,0,graduate,1.22815e+09
1,972.8,415.5,0,graduate,1.22815e+09
1,974.2,414.2,0,graduate,1.22815e+09
1,981.7,411.7,0,graduate,1.22815e+09
1,1058,411.3,0,student,,1.22815e+09
1,1073.6,409.6,0,student,,1.22815e+09
1,1082.3,409.6,0,student,,1.22815e+09
1,1105.3,411.3,0,student,,1.22815e+09
1,1105.3,411.3,0,student,,1.22815e+09
1,1126.4,417.1,0,student,,1.22815e+09
1,1130.2,415.6,0,student,,1.22815e+09
1,1131.3,414.9,0,student,,1.22815e+09
1,1134.1,413.7,0,student,,1.22815e+09
1,1127.9,403.6,0,student,,1.22815e+09
1,1127.9,403.6,0,student,,1.22815e+09
1,1127.9,402,0,student,,1.22815e+09
1,1128.4,402.3,0,student,,1.22815e+09
1,1128.4,402.3,0,student,,1.22815e+09
1,1121.6,408.1,0,student,,1.22815e+09
1,1121.6,408.1,0,student,,1.22815e+09
1,1121.6,408.1,0,student,,1.22815e+09
1,1121.6,408.1,0,student,,1.22815e+09
1,1121.6,408.1,0,student,,1.22815e+09
1,1121.6,408.1,0,student,,1.22815e+09
1,1121.6,408.1,0,student,,1.22815e+09
1,1121.6,408.1,0,student,,1.22815e+09
1,1278.5,411.4,0,she,1.22815e+09
1,1278.5,411.4,0,she,1.22815e+09
1,1273.5,416.6,0,she,1.22815e+09
1,1273.1,418.1,0,she,1.22815e+09
1,1271.6,419.5,0,she,1.22815e+09
1,1257.8,419.1,0,she,1.22815e+09
1,1257.8,419.1,0,she,1.22815e+09
1,1258.1,416.8,0,she,1.22815e+09
1,1255.5,418.3,0,she,1.22815e+09
1,1260.2,407.2,0,she,1.22815e+09
1,1261.1,411.3,0,she,1.22815e+09
1,1264,415.6,0,she,1.22815e+09
1,1266,414.6,0,she,1.22815e+09
1,1273.5,419.1,0,she,1.22815e+09
1,1273.5,419.1,0,she,1.22815e+09
1,1313.7,418.7,0,decided,1.22815e+09
1,1484.2,416.1,0,put,1.22815e+09
1,1485,414,0,put,1.22815e+09
1,1487.6,407.9,0,put,1.22815e+09
1,1489.6,412.3,0,put,1.22815e+09
1,1491,402.1,0,put,1.22815e+09
1,1476.1,418.9,0,put,1.22815e+09
1,262.2,564.9,0,everything,1.22815e+09
1,270.2,577.1,0,everything,1.22815e+09
1,270.2,577.1,0,everything,1.22815e+09
1,267.7,575.5,0,everything,1.22815e+09
1,270.1,571.1,0,everything,1.22815e+09
1,283.6,570,0,everything,1.22815e+09
1,283.6,570,0,everything,1.22815e+09
1,297.1,564.1,0,everything,1.22815e+09
1,298.8,565.8,0,everything,1.22815e+09
1,515.1,498.7,0,She,1.22815e+09
1,571.8,496.3,0,felt,1.22815e+09
1,989.5,495.1,0,should,1.22815e+09
1,1004.7,489.5,0,should,1.22815e+09
1,1005.1,489.2,0,should,1.22815e+09
1,1004.4,487.1,0,should,1.22815e+09
1,1005.4,484.2,0,should,1.22815e+09
1,1005.6,485.1,0,should,1.22815e+09
1,1132.4,499,0,adopted,1.22815e+09
1,1407.2,496.9,0,graduates,,1.22815e+09
1,1408.7,498.7,0,graduates,,1.22815e+09
1,911,579.9,0,at,1.22815e+09
1,911,579.9,0,at,1.22815e+09
1,219.3,644.6,0,that,1.22815e+09
1,228.5,655.5,0,that,1.22815e+09
1,227.9,655.1,0,that,1.22815e+09
1,227.4,654.7,0,that,1.22815e+09
1,228.7,653.2,0,that,1.22815e+09
1,228.7,653.2,0,that,1.22815e+09
1,228.7,653.2,0,that,1.22815e+09
1,228.7,653.2,0,that,1.22815e+09
1,238.7,652.1,0,that,1.22815e+09
1,238.7,652.1,0,that,1.22815e+09
1,238.7,652.1,0,that,1.22815e+09
1,472.8,576.2,0,all,1.22816e+09
1,551.6,570.8,0,set,1.22816e+09
1,538.7,579.4,0,set,1.22816e+09
1,539.2,577.4,0,set,1.22816e+09
1,487.6,576.9,0,all,1.22816e+09
1,913.2,573.6,0,at,1.22816e+09
1,922.4,563,0,at,1.22816e+09
1,921.5,569.6,0,at,1.22816e+09
1,920.9,574.9,0,at,1.22816e+09
1,914.4,579.3,0,at,1.22816e+09
1,918.4,578.1,0,at,1.22816e+09
1,911.9,570.2,0,at,1.22816e+09
1,911.1,569.3,0,at,1.22816e+09
1,913.9,570.5,0,at,1.22816e+09
1,921.7,573.4,0,at,1.22816e+09
1,953,571.7,0,birth,1.22816e+09
1,973.4,574.8,0,birth,1.22816e+09
1,982.9,575.2,0,birth,1.22816e+09
1,982.9,574.9,0,birth,1.22816e+09
1,999,573.2,0,birth,1.22816e+09
1,1303.4,572.3,0,his,1.22816e+09
1,1306.7,576.3,0,his,1.22816e+09
1,1304.3,575.2,0,his,1.22816e+09
1,1304.3,575.2,0,his,1.22816e+09
1,1356.7,563.5,0,wife.,1.22816e+09
1,1384.3,562.2,0,wife.,1.22816e+09
1,1384.3,562.2,0,wife.,1.22816e+09
1,1475,561.1,0,Except,1.22816e+09
1,1471.9,564.9,0,Except,1.22816e+09
1,1471.2,563.4,0,Except,1.22816e+09
1,1471.2,563.4,0,Except,1.22816e+09
1,1471.2,563.4,0,Except,1.22816e+09
1,414.8,647.5,0,popped,1.22816e+09
1,508.6,646.9,0,out,1.22816e+09
1,508.6,646.9,0,out,1.22816e+09
1,502.2,642.6,0,out,1.22816e+09
1,502.2,642.6,0,out,1.22816e+09
1,502.2,642.6,0,out,1.22816e+09
1,383.3,659.9,0,popped,1.22816e+09
1,391,652.3,0,popped,1.22816e+09
1,387.2,657.8,0,popped,1.22816e+09
1,674.4,658,0,decided,1.22817e+09
1,671.9,655.9,0,decided,1.22817e+09
1,671.9,655.9,0,decided,1.22817e+09
1,797.2,656.9,0,the,1.22817e+09
1,797.2,656.9,0,the,1.22817e+09
1,796.5,653.3,0,the,1.22817e+09
1,795.2,656.2,0,the,1.22817e+09
1,795.5,655.4,0,the,1.22817e+09
1,790.1,658.4,0,the,1.22817e+09
1,789.9,658.7,0,the,1.22817e+09
1,875.4,657.7,0,last,1.22817e+09
1,874.1,657.7,0,last,1.22817e+09
1,876.8,648.8,0,last,1.22817e+09
1,876.8,648.8,0,last,1.22817e+09
1,876.8,648.8,0,last,1.22817e+09
1,873.9,651.2,0,last,1.22817e+09
1,876.2,654,0,last,1.22817e+09
1,877.4,654.5,0,last,1.22817e+09
1,875.9,653.4,0,last,1.22817e+09
1,876.1,654.1,0,last,1.22817e+09
1,874.3,654.9,0,last,1.22817e+09
1,874.8,654,0,last,1.22817e+09
1,874.8,654,0,last,1.22817e+09
1,877.2,659.1,0,last,1.22817e+09
1,875.7,659.6,0,last,1.22817e+09
1,875.6,657.8,0,last,1.22817e+09
1,875.9,657.1,0,last,1.22817e+09
1,875.9,657.1,0,last,1.22817e+09
1,970.9,654.9,0,minute,1.22817e+09
1,967.3,657.6,0,minute,1.22817e+09
1,1313.9,651.3,0,wanted,1.22817e+09
1,1338.9,642.7,0,wanted,1.22817e+09
1,1316.1,654.4,0,wanted,1.22817e+09
1,1316.1,654.4,0,wanted,1.22817e+09
1,1312.1,656.9,0,wanted,1.22817e+09
1,1315.2,653.2,0,wanted,1.22817e+09
1,1314.5,650.7,0,wanted,1.22817e+09
1,1313.7,648,0,wanted,1.22817e+09
1,1311.2,647.6,0,wanted,1.22817e+09
1,1311.2,647.6,0,wanted,1.22817e+09
1,1311.5,647.2,0,wanted,1.22817e+09
1,1316.6,642.1,0,wanted,1.22817e+09
1,1316.6,642.1,0,wanted,1.22817e+09
1,1315.9,641.1,0,wanted,1.22817e+09
1,1311.7,643.4,0,wanted,1.22817e+09
1,1312.9,644,0,wanted,1.22817e+09
1,1313.1,644.2,0,wanted,1.22817e+09
1,1315.5,643.9,0,wanted,1.22817e+09
1,1320,644.7,0,wanted,1.22817e+09
1,1334.2,641.5,0,wanted,1.22817e+09
1,1334.2,641.5,0,wanted,1.22817e+09
1,1432.2,642.1,0,girl.,1.22817e+09
1,1423.3,649.6,0,girl.,1.22817e+09
1,1425,650.3,0,girl.,1.22817e+09
1,1425.5,650,0,girl.,1.22817e+09
1,1425.2,648.7,0,girl.,1.22817e+09
1,1427.8,649.5,0,girl.,1.22817e+09
1,1428.2,647.3,0,girl.,1.22817e+09
1,1428.2,647.3,0,girl.,1.22817e+09
1,1426.1,642.5,0,girl.,1.22817e+09
1,281.5,645.2,0,when,1.22817e+09
1,261.6,724.1,0,parents,,1.22817e+09
1,314.8,733.4,0,parents,,1.22817e+09
1,522.5,725.1,0,on,1.22817e+09
1,524.2,728,0,on,1.22817e+09
1,529.5,729,0,on,1.22817e+09
1,534.4,724.2,0,on,1.22817e+09
1,534.7,725.7,0,on,1.22817e+09
1,629.1,737.8,0,waiting,1.22817e+09
1,630.4,737.4,0,waiting,1.22817e+09
1,637.3,738.4,0,waiting,1.22817e+09
1,641.4,738.9,0,waiting,1.22817e+09
1,641.4,738.9,0,waiting,1.22817e+09
1,633.4,734.7,0,waiting,1.22817e+09
1,633.7,735.6,0,waiting,1.22817e+09
1,633.7,735.6,0,waiting,1.22817e+09
1,826.5,733.3,0,got,1.22817e+09
1,825,733.6,0,got,1.22817e+09
1,823,737.5,0,got,1.22817e+09
1,823.1,739.7,0,got,1.22817e+09
1,822.9,738.1,0,got,1.22817e+09
1,821.6,737.4,0,got,1.22817e+09
1,821.6,737.4,0,got,1.22817e+09
1,822,737.8,0,got,1.22817e+09
1,821.3,733.7,0,got,1.22817e+09
1,819.5,736.5,0,got,1.22817e+09
1,819.5,736.5,0,got,1.22817e+09
1,821.4,739.7,0,got,1.22817e+09
1,913.9,725.7,0,call,1.22817e+09
1,918.1,727.3,0,call,1.22817e+09
1,968.1,739.1,0,in,1.22817e+09
1,981,738.1,0,in,1.22817e+09
1,981,738.1,0,in,1.22817e+09
1,1017.5,734.5,0,the,1.22817e+09
1,1129.2,724.1,0,middle,1.22817e+09
1,1106.6,734.1,0,middle,1.22817e+09
1,1106.6,734.1,0,middle,1.22817e+09
1,1093,732.9,0,middle,1.22817e+09
1,1093,732.9,0,middle,1.22817e+09
1,1087.4,737.8,0,middle,1.22817e+09
1,1080,738,0,middle,1.22817e+09
1,1079.6,737.7,0,middle,1.22817e+09
1,1079,738.1,0,middle,1.22817e+09
1,1079.5,738.3,0,middle,1.22817e+09
1,1079.5,738.3,0,middle,1.22817e+09
1,1083.2,739.4,0,middle,1.22817e+09
1,1086.8,732.9,0,middle,1.22817e+09
1,1094.2,728.4,0,middle,1.22817e+09
1,1105.1,728.2,0,middle,1.22817e+09
1,1105.1,728.2,0,middle,1.22817e+09
1,1401.6,721.1,0,asking:,1.22817e+09
1,1381.8,725.9,0,asking:,1.22817e+09
1,1492.5,725.4,0,"We,1.22817e+09
1,1505.2,725.9,0,"We,1.22817e+09
1,1505.2,725.9,0,"We,1.22817e+09
1,1502.5,726.2,0,"We,1.22817e+09
1,1505,731.8,0,"We,1.22817e+09
1,1505.7,729,0,"We,1.22817e+09
1,1509.7,724.4,0,"We,1.22817e+09
1,1508.8,727.4,0,"We,1.22817e+09
1,1508.8,727.4,0,"We,1.22817e+09
1,1509.9,725.8,0,"We,1.22817e+09
1,1508.5,725.4,0,"We,1.22817e+09
1,1505.6,727.8,0,"We,1.22817e+09
1,1497.6,737.4,0,"We,1.22817e+09
1,1497.6,737.4,0,"We,1.22817e+09
1,1123.6,739.9,0,middle,1.22817e+09
1,1123.6,739.9,0,middle,1.22817e+09
1,1123.6,739.9,0,middle,1.22817e+09
1,237.7,815.2,0,have,1.22817e+09
1,234.8,809.7,0,have,1.22817e+09
1,237,810.6,0,have,1.22817e+09
1,237.5,812.4,0,have,1.22817e+09
1,239.7,811,0,have,1.22817e+09
1,239.7,811,0,have,1.22817e+09
1,237.9,813.3,0,have,1.22817e+09
1,349.5,818.6,0,unexpected,1.22817e+09
1,349.5,818.6,0,unexpected,1.22817e+09
1,333.9,818.4,0,unexpected,1.22817e+09
1,351.6,807.2,0,unexpected,1.22817e+09
1,352.4,811.4,0,unexpected,1.22817e+09
1,350.5,811.9,0,unexpected,1.22817e+09
1,350.5,811.9,0,unexpected,1.22817e+09
1,346.7,812.8,0,unexpected,1.22817e+09
1,345.1,816.6,0,unexpected,1.22817e+09
1,340,816.2,0,unexpected,1.22817e+09
1,339.7,815.9,0,unexpected,1.22817e+09
1,339.7,815.9,0,unexpected,1.22817e+09
1,335.8,808.6,0,unexpected,1.22817e+09
1,336.8,811.6,0,unexpected,1.22817e+09
1,336.5,813.7,0,unexpected,1.22817e+09
1,336.5,813.7,0,unexpected,1.22817e+09
1,332.7,810.9,0,unexpected,1.22817e+09
1,331,806.8,0,unexpected,1.22817e+09
1,331.5,806.7,0,unexpected,1.22817e+09
1,328.9,803.4,0,unexpected,1.22817e+09
1,328.9,803.4,0,unexpected,1.22817e+09
1,327.8,802.9,0,unexpected,1.22817e+09
1,338.5,805.4,0,unexpected,1.22817e+09
1,512.5,805.5,0,baby,1.22817e+09
1,510,802.7,0,baby,1.22817e+09
1,510,802.2,0,baby,1.22817e+09
1,566,803.7,0,boy;,1.22817e+09
1,566,803.7,0,boy;,1.22817e+09
1,587.8,813.9,0,boy;,1.22818e+09
1,596,817.9,0,boy;,1.22818e+09
1,595.4,816.3,0,boy;,1.22818e+09
1,596.9,815.8,0,boy;,1.22818e+09
1,830.3,819.1,0,him?",1.22818e+09
1,828.3,818.9,0,him?",1.22818e+09
1,828.3,818.9,0,him?",1.22818e+09
1,825.3,817.8,0,him?",1.22818e+09
1,825.2,817.3,0,him?",1.22818e+09
1,831.5,819.7,0,him?",1.22818e+09
1,982.6,819.5,0,said:,1.22818e+09
1,981.3,810.2,0,said:,1.22818e+09
1,981.7,816.3,0,said:,1.22818e+09
1,981,810.3,0,said:,1.22818e+09
1,984.1,811.5,0,said:,1.22818e+09
1,981.2,808.1,0,said:,1.22818e+09
1,981.2,808.1,0,said:,1.22818e+09
1,985.1,810.7,0,said:,1.22818e+09
1,987.8,818.3,0,said:,1.22818e+09
1,920.1,818.9,0,They,1.22818e+09
1,920.1,818.9,0,They,1.22818e+09
1,928.1,817.9,0,They,1.22818e+09
1,940.5,808.8,0,They,1.22818e+09
1,1008.7,815,0,said:,1.22818e+09
1,1089.7,807.3,0,"Of,1.22818e+09
1,1137.4,801.4,0,course.",1.22818e+09
1,1137.4,801.4,0,course.",1.22818e+09
1,1144.1,809.4,0,course.",1.22818e+09
1,1145.9,805.9,0,course.",1.22818e+09
1,1145.9,805.9,0,course.",1.22818e+09
1,1283.3,819.2,0,My,1.22818e+09
1,1283.8,814.3,0,My,1.22818e+09
1,1283.8,814.3,0,My,1.22818e+09
1,1363.8,802.1,0,biological,1.22818e+09
1,1363.8,802.1,0,biological,1.22818e+09
1,1344.2,819.7,0,biological,1.22818e+09
1,1350.4,818.3,0,biological,1.22818e+09
1,1339.8,819.1,0,biological,1.22818e+09
1,1348.5,817.7,0,biological,1.22818e+09
1,1348.5,817.7,0,biological,1.22818e+09
1,1358.7,808.2,0,biological,1.22818e+09
1,1357.1,805.9,0,biological,1.22818e+09
1,1357.1,805.9,0,biological,1.22818e+09
1,1357.7,807.2,0,biological,1.22818e+09
1,1356.9,807.6,0,biological,1.22818e+09
1,1356.9,807.6,0,biological,1.22818e+09
1,1477.9,818.4,0,mother,1.22818e+09
1,1479,819.8,0,mother,1.22818e+09
1,1481.8,817.3,0,mother,1.22818e+09
2,205.9,415.3,0,later,1.22818e+09
2,1098.8,411.3,0,college,1.22819e+09
2,1098.8,411.3,0,college,1.22819e+09
2,1100.3,414.2,0,college,1.22819e+09
2,1512.1,405.4,0,never,1.22819e+09
2,1520,401.5,0,never,1.22819e+09
2,1519.4,405.6,0,never,1.22819e+09
2,1517.9,413.5,0,never,1.22819e+09
2,434.4,499.1,0,high,1.22819e+09
2,320.5,570,0,months,1.22819e+09
2,320.5,570,0,months,1.22819e+09
2,436.4,578.2,0,later,1.22819e+09
2,439.4,573.3,0,later,1.22819e+09
2,439.4,573.3,0,later,1.22819e+09
2,440.5,567.8,0,later,1.22819e+09
2,375.7,492.2,0,from,1.22819e+09
2,374.3,491,0,from,1.22819e+09
2,375.8,496.6,0,from,1.22819e+09
2,871.6,499.5,0,sign,1.22819e+09
2,871.6,499.5,0,sign,1.22819e+09
2,1072.2,494.1,0,adoption,1.22819e+09
2,1082.5,490.8,0,adoption,1.22819e+09
2,1092.8,491.8,0,adoption,1.22819e+09
2,1093.6,494.5,0,adoption,1.22819e+09
2,1091.6,494.1,0,adoption,1.22819e+09
2,1089.7,497,0,adoption,1.22819e+09
2,1089.7,497,0,adoption,1.22819e+09
2,1415.5,498.2,0,only,1.22819e+09
2,1415.4,497.2,0,only,1.22819e+09
2,1413.6,496.7,0,only,1.22819e+09
2,1413.6,496.7,0,only,1.22819e+09
2,1413.4,499.5,0,only,1.22819e+09
2,762.7,568.2,0,promised,1.22819e+09
2,210.8,642.7,0,later,1.22819e+09
2,214.6,643.5,0,later,1.22819e+09
2,217.1,645.4,0,later,1.22819e+09
2,216.1,645.1,0,later,1.22819e+09
2,221.8,647.7,0,later,1.22819e+09
2,225.4,647.4,0,later,1.22819e+09
2,222.6,644.4,0,later,1.22819e+09
2,227.6,644.2,0,later,1.22819e+09
2,227.6,644.2,0,later,1.22819e+09
2,298.8,574.2,0,months,1.22819e+09
2,298,576.1,0,months,1.22819e+09
2,405.6,576.9,0,later,1.22819e+09
2,405.1,575,0,later,1.22819e+09
2,515.8,566.8,0,when,1.22819e+09
2,524.5,568.5,0,when,1.22819e+09
2,521.6,565.7,0,when,1.22819e+09
2,522.6,565.1,0,when,1.22819e+09
2,521,562.7,0,when,1.22819e+09
2,522.7,564.6,0,when,1.22819e+09
2,574.2,579.4,0,my,1.22819e+09
2,647.7,576.4,0,parents,1.22819e+09
2,647.1,575.8,0,parents,1.22819e+09
2,644.7,573.5,0,parents,1.22819e+09
2,644.7,574.6,0,parents,1.22819e+09
2,647.6,579.9,0,parents,1.22819e+09
2,786.2,578,0,promised,1.22819e+09
2,782.8,579,0,promised,1.22819e+09
2,749.6,578.5,0,promised,1.2282e+09
2,755.6,574.7,0,promised,1.2282e+09
2,762,569.4,0,promised,1.2282e+09
2,884.3,565.9,0,that,1.2282e+09
2,885.2,565.1,0,that,1.2282e+09
2,885.4,566.2,0,that,1.2282e+09
2,885,565.1,0,that,1.2282e+09
2,883.3,568.6,0,that,1.2282e+09
2,883.2,570.7,0,that,1.2282e+09
2,884.2,576.4,0,that,1.2282e+09
2,884.2,576.4,0,that,1.2282e+09
2,883.9,577.7,0,that,1.2282e+09
2,942.2,579.8,0,I,1.2282e+09
2,1276.9,579.6,0,college.,1.2282e+09
2,1304.1,576.8,0,college.,1.2282e+09
2,1310.7,578.1,0,college.,1.2282e+09
2,1323,579.9,0,college.,1.2282e+09
2,1326.8,576.3,0,college.,1.2282e+09
2,1324.3,573.4,0,college.,1.2282e+09
2,1321.8,574,0,college.,1.2282e+09
2,1324.1,575.5,0,college.,1.2282e+09
2,1327.8,579.1,0,college.,1.2282e+09
2,1327.8,578.3,0,college.,1.2282e+09
2,1330.6,579.8,0,college.,1.2282e+09
2,1330.1,577.7,0,college.,1.2282e+09
2,1330,573.5,0,college.,1.2282e+09
2,1330,573.5,0,college.,1.2282e+09
2,1330,573.5,0,college.,1.2282e+09
2,1329,573.3,0,college.,1.2282e+09
2,1421.4,562.8,0,And,1.2282e+09
2,1427.6,562,0,And,1.2282e+09
2,1479.9,570.3,0,17,1.2282e+09
2,1512.6,563,0,years,1.2282e+09
2,1510.8,564.8,0,years,1.2282e+09
2,1511.4,577.3,0,years,1.2282e+09
2,1510.8,576.8,0,years,1.2282e+09
2,1512.4,573.9,0,years,1.2282e+09
2,436.6,651.8,0,to,1.2282e+09
2,478.8,645.7,0,college.,1.2282e+09
2,539.4,656.6,0,college.,1.2282e+09
2,538.4,656.8,0,college.,1.2282e+09
2,541.4,657.1,0,college.,1.2282e+09
2,541.4,657.1,0,college.,1.2282e+09
2,722.9,659.1,0,naively,1.2282e+09
2,840.1,647.9,0,chose,1.2282e+09
2,844,649.9,0,chose,1.2282e+09
2,845.6,650.5,0,chose,1.2282e+09
2,847.1,650.8,0,chose,1.2282e+09
2,847.1,650.8,0,chose,1.2282e+09
2,851.1,652.7,0,chose,1.2282e+09
2,851.4,650.2,0,chose,1.2282e+09
2,856.5,650.5,0,chose,1.2282e+09
2,864.5,650.5,0,chose,1.2282e+09
2,964.6,648.9,0,college,1.2282e+09
2,964.6,648.9,0,college,1.2282e+09
2,978.1,658,0,college,1.2282e+09
2,976.8,657.1,0,college,1.2282e+09
2,976,659.6,0,college,1.2282e+09
2,1065.2,658.7,0,that,1.2282e+09
2,1086.1,656.4,0,that,1.2282e+09
2,1092.6,655.5,0,that,1.2282e+09
2,1091.6,654.4,0,that,1.2282e+09
2,1073.4,659.5,0,that,1.2282e+09
2,1073.7,657,0,that,1.2282e+09
2,1064.7,658.3,0,that,1.2282e+09
2,1064.7,658.3,0,that,1.2282e+09
2,1147.4,655.1,0,was,1.2282e+09
2,1224.9,641.8,0,almost,1.2282e+09
2,1216.9,653.4,0,almost,1.2282e+09
2,1216.9,653.4,0,almost,1.2282e+09
2,1208,658.8,0,almost,1.2282e+09
2,1208,651.6,0,almost,1.2282e+09
2,1220.3,642.1,0,almost,1.2282e+09
2,1216.2,644.4,0,almost,1.2282e+09
2,1215.1,645.2,0,almost,1.2282e+09
2,1216.6,645,0,almost,1.2282e+09
2,1218.4,647.3,0,almost,1.2282e+09
2,1218.4,647.3,0,almost,1.2282e+09
2,1218.4,647.3,0,almost,1.2282e+09
2,1217.5,650.9,0,almost,1.2282e+09
2,1207.8,654.3,0,almost,1.2282e+09
2,1204.8,657.2,0,almost,1.2282e+09
2,1214.2,645.7,0,almost,1.2282e+09
2,1216.7,647,0,almost,1.2282e+09
2,1232.2,647.3,0,almost,1.2282e+09
2,1343.6,642.5,0,expensive,1.2282e+09
2,1390.5,644.8,0,expensive,1.2282e+09
2,1388.3,653.4,0,expensive,1.2282e+09
2,1388.3,653.4,0,expensive,1.2282e+09
2,1388.3,653.4,0,expensive,1.2282e+09
2,1390.8,650,0,expensive,1.2282e+09
2,1388.5,653.5,0,expensive,1.2282e+09
2,1399,644.1,0,expensive,1.2282e+09
2,1397.9,645.6,0,expensive,1.2282e+09
2,1397.9,645.6,0,expensive,1.2282e+09
2,1397.9,645.6,0,expensive,1.2282e+09
2,1402.7,658.1,0,expensive,1.2282e+09
2,1402.7,658.1,0,expensive,1.2282e+09
2,282,732.8,0,Stanford,,1.2282e+09
2,273.1,730.9,0,Stanford,,1.2282e+09
2,268.4,732.4,0,Stanford,,1.2282e+09
2,249.3,733.6,0,Stanford,,1.2282e+09
2,232.5,737.3,0,Stanford,,1.2282e+09
2,229.1,739,0,Stanford,,1.2282e+09
2,279.4,737.7,0,Stanford,,1.2282e+09
2,261.8,721.9,0,Stanford,,1.2282e+09
2,265.2,732.5,0,Stanford,,1.2282e+09
2,265.2,732.5,0,Stanford,,1.2282e+09
2,257.3,730.8,0,Stanford,,1.22821e+09
2,264.8,739.3,0,Stanford,,1.22821e+09
2,260.7,739.7,0,Stanford,,1.22821e+09
2,268.8,739.1,0,Stanford,,1.22821e+09
2,358.5,736.3,0,and,1.22821e+09
2,359.2,738.9,0,and,1.22821e+09
2,366.8,736.3,0,and,1.22821e+09
2,360.5,730.9,0,and,1.22821e+09
2,360.5,730.9,0,and,1.22821e+09
2,360.1,732.3,0,and,1.22821e+09
2,352.4,733.5,0,and,1.22821e+09
2,359.3,726.2,0,and,1.22821e+09
2,365.1,726.5,0,and,1.22821e+09
2,429.6,727.8,0,all,1.22821e+09
2,562.4,721.8,0,working-class,1.22821e+09
2,571.1,732.7,0,working-class,1.22821e+09
2,579.1,733.2,0,working-class,1.22821e+09
2,587.2,731.2,0,working-class,1.22821e+09
2,594.4,729.4,0,working-class,1.22821e+09
2,594.4,729.4,0,working-class,1.22821e+09
2,632.1,730.8,0,working-class,1.22821e+09
2,632.7,728.8,0,working-class,1.22821e+09
2,633.5,727.9,0,working-class,1.22821e+09
2,634.5,734.5,0,working-class,1.22821e+09
2,650.9,736.9,0,working-class,1.22821e+09
2,649.7,736.3,0,working-class,1.22821e+09
2,645,730,0,working-class,1.22821e+09
2,645,730,0,working-class,1.22821e+09
2,675.9,732.3,0,working-class,1.22821e+09
2,825.4,723.3,0,parents',1.22821e+09
2,824.9,722.4,0,parents',1.22821e+09
2,821.1,721.6,0,parents',1.22821e+09
2,822.6,724,0,parents',1.22821e+09
2,821.1,723.5,0,parents',1.22821e+09
2,820.7,724.7,0,parents',1.22821e+09
2,821.1,725.4,0,parents',1.22821e+09
2,819.6,725.3,0,parents',1.22821e+09
2,819.6,725.3,0,parents',1.22821e+09
2,818.9,727.1,0,parents',1.22821e+09
2,818,727,0,parents',1.22821e+09
2,817.8,728.9,0,parents',1.22821e+09
2,820.2,734.5,0,parents',1.22821e+09
2,822.5,738.1,0,parents',1.22821e+09
2,831.9,734.7,0,parents',1.22821e+09
2,838.5,732.5,0,parents',1.22821e+09
2,906.9,734.8,0,savings,1.22821e+09
2,940.7,725.2,0,savings,1.22821e+09
2,935.4,731.2,0,savings,1.22821e+09
2,933.8,727.7,0,savings,1.22821e+09
2,935.6,724.6,0,savings,1.22821e+09
2,937.1,722.7,0,savings,1.22821e+09
2,939.5,727.3,0,savings,1.22821e+09
2,939.5,727.3,0,savings,1.22821e+09
2,941.9,725.2,0,savings,1.22821e+09
2,943.7,726.4,0,savings,1.22821e+09
2,943.8,728.1,0,savings,1.22821e+09
2,943.7,726.3,0,savings,1.22821e+09
2,943.2,725.6,0,savings,1.22821e+09
2,939.7,727.1,0,savings,1.22821e+09
2,941,728.2,0,savings,1.22821e+09
2,941.5,728.4,0,savings,1.22821e+09
2,941.5,728.4,0,savings,1.22821e+09
2,943.8,725.7,0,savings,1.22821e+09
2,948.8,723,0,savings,1.22821e+09
2,968.1,729.4,0,savings,1.22821e+09
2,1048.9,726.1,0,were,1.22821e+09
2,1106,733,0,being,1.22821e+09
2,1195.1,734.5,0,spent,1.22821e+09
2,1194.4,734.3,0,spent,1.22821e+09
2,1194.4,734.3,0,spent,1.22821e+09
2,1293.5,721.5,0,on,1.22821e+09
2,1293.5,721.5,0,on,1.22821e+09
2,1502,729.6,0,tuition.,1.22821e+09
2,1513.2,727.7,0,tuition.,1.22821e+09
2,1513.8,729.7,0,tuition.,1.22821e+09
2,1512.8,735.9,0,tuition.,1.22821e+09
2,1512.8,735.9,0,tuition.,1.22821e+09
2,1520.1,735.2,0,tuition.,1.22821e+09
2,1521.4,733.7,0,tuition.,1.22821e+09
2,1521.4,733.7,0,tuition.,1.22821e+09
2,1521.5,733.8,0,tuition.,1.22821e+09
2,1518.2,733.7,0,tuition.,1.22821e+09
2,1518.2,733.7,0,tuition.,1.22821e+09
2,1518.8,732.8,0,tuition.,1.22821e+09
2,1515.6,734.8,0,tuition.,1.22821e+09
2,319.6,802.4,0,six,1.22821e+09
2,307.3,801.7,0,six,1.22821e+09
2,247.9,819.6,0,After,1.22821e+09
2,245.1,815.3,0,After,1.22821e+09
2,230.5,806.8,0,After,1.22821e+09
2,232.5,807.9,0,After,1.22821e+09
2,235.3,809.2,0,After,1.22821e+09
2,236.7,812.6,0,After,1.22821e+09
2,237.3,813.5,0,After,1.22821e+09
2,237.3,813.5,0,After,1.22821e+09
2,235.2,814.4,0,After,1.22821e+09
2,237.2,814.6,0,After,1.22821e+09
2,245.9,817.7,0,After,1.22821e+09
2,250,813.1,0,After,1.22821e+09
2,356.5,803,0,months,,1.22821e+09
2,367.5,806,0,months,,1.22821e+09
2,375.4,808.9,0,months,,1.22821e+09
2,375.4,808.9,0,months,,1.22821e+09
2,385.4,807.4,0,months,,1.22821e+09
2,401.3,811.3,0,months,,1.22821e+09
2,395.8,808.3,0,months,,1.22821e+09
2,384.6,803.5,0,months,,1.22821e+09
2,385.6,802.5,0,months,,1.22821e+09
2,382.7,802.1,0,months,,1.22821e+09
2,382,802.1,0,months,,1.22821e+09
2,382,802.1,0,months,,1.22821e+09
2,506.7,803.1,0,couldn't,1.22821e+09
2,501.7,803.3,0,couldn't,1.22821e+09
2,524.3,802.5,0,couldn't,1.22821e+09
2,525.1,803.3,0,couldn't,1.22821e+09
2,524.8,802.4,0,couldn't,1.22821e+09
2,524.8,803.2,0,couldn't,1.22821e+09
2,524,803.3,0,couldn't,1.22821e+09
2,524,803.3,0,couldn't,1.22821e+09
2,644.8,801.2,0,see,1.22821e+09
2,644.8,801.2,0,see,1.22821e+09
2,642.4,805.1,0,see,1.22821e+09
2,653.1,806.3,0,see,1.22821e+09
2,651.3,808.2,0,see,1.22821e+09
2,651.3,808.2,0,see,1.22821e+09
2,653.4,809.2,0,see,1.22821e+09
2,661.6,810.2,0,see,1.22821e+09
2,699.7,809,0,the,1.22821e+09
2,759.4,814.4,0,value,1.22821e+09
2,770.4,815.8,0,value,1.22821e+09
2,777.6,816.2,0,value,1.22821e+09
2,777.6,816.2,0,value,1.22821e+09
2,783.6,815.4,0,value,1.22821e+09
2,784,814.8,0,value,1.22821e+09
2,782.9,812.6,0,value,1.22821e+09
2,782.3,813.1,0,value,1.22821e+09
2,985.8,801.9,0,had,1.22821e+09
3,1433.4,816,0,do,1.22821e+09
3,1448.8,802.8,0,friends',1.22821e+09
3,1449.6,806.4,0,friends',1.22821e+09
3,1446.9,802.7,0,friends',1.22821e+09
3,1440.6,802.8,0,friends',1.22821e+09
3,1439.7,801.2,0,friends',1.22821e+09
3,1439.9,804.2,0,friends',1.22821e+09
3,1439.9,804.9,0,friends',1.22821e+09
3,1439.9,807.6,0,friends',1.22821e+09
3,1439.9,807.6,0,friends',1.22821e+09
3,1441.3,805.5,0,friends',1.22821e+09
3,1441.3,805.5,0,friends',1.22821e+09
3,1441.3,805.5,0,friends',1.22821e+09
3,1440.1,804.9,0,friends',1.22821e+09
3,1439,806.1,0,friends',1.22821e+09
3,326.5,483,0,the,1.22821e+09
3,325.1,483,0,the,1.22821e+09
3,329.1,489,0,the,1.22821e+09
3,331.1,492.9,0,the,1.22821e+09
3,265.3,481.2,0,of,1.22821e+09
3,227.7,482.6,0,all,1.22821e+09
3,377,483.4,0,money,1.22821e+09
3,378.1,483.4,0,money,1.22821e+09
3,465.7,481.6,0,my,1.22821e+09
3,527.2,485.9,0,parents,1.22821e+09
3,534.3,485.1,0,parents,1.22821e+09
3,743.3,410.8,0,going,1.22821e+09
3,762.5,414.4,0,going,1.22821e+09
3,1407.6,419.4,0,was,1.22822e+09
3,1409.9,415.6,0,was,1.22822e+09
3,1409.9,415.6,0,was,1.22822e+09
3,1409.9,415.6,0,was,1.22822e+09
3,1410.6,414.9,0,was,1.22822e+09
3,1410.1,417.4,0,was,1.22822e+09
3,1410.1,417.4,0,was,1.22822e+09
3,1465.7,412.4,0,spending,1.22822e+09
3,1479.7,415.4,0,spending,1.22822e+09
3,1492.9,415.2,0,spending,1.22822e+09
3,324.4,481.2,0,the,1.22822e+09
3,322.7,492.8,0,the,1.22822e+09
3,319,486.1,0,the,1.22822e+09
3,319,487.4,0,the,1.22822e+09
3,266.8,498.1,0,of,1.22822e+09
3,888.9,577.1,0,scary,1.22822e+09
3,888.9,577.1,0,scary,1.22822e+09
3,888.9,577.1,0,scary,1.22822e+09
3,888.9,577.1,0,scary,1.22822e+09
3,906.5,493.6,0,entire,1.22822e+09
3,895.9,493,0,entire,1.22822e+09
3,917.9,490.3,0,entire,1.22822e+09
3,968.6,495.9,0,life.,1.22822e+09
3,974.6,496.1,0,life.,1.22822e+09
3,989.5,496.9,0,life.,1.22822e+09
3,1059.8,489.1,0,So,1.22822e+09
3,1059.8,489.1,0,So,1.22822e+09
3,1059.4,496.1,0,So,1.22822e+09
3,1070.4,494.5,0,So,1.22822e+09
3,1074.8,496.4,0,So,1.22822e+09
3,1189.5,496.7,0,decided,1.22822e+09
3,1188.4,495.4,0,decided,1.22822e+09
3,1188.2,497.2,0,decided,1.22822e+09
3,1187.7,498.2,0,decided,1.22822e+09
3,1187.7,498.2,0,decided,1.22822e+09
3,1187.6,498.7,0,decided,1.22822e+09
3,1187.6,498.7,0,decided,1.22822e+09
3,1189.2,498.5,0,decided,1.22822e+09
3,1191,499.4,0,decided,1.22822e+09
3,1178.1,495,0,decided,1.22822e+09
3,1155.5,491.2,0,decided,1.22822e+09
3,1151.7,494.8,0,decided,1.22822e+09
3,1150.7,495.2,0,decided,1.22822e+09
3,1149.4,495.4,0,decided,1.22822e+09
3,1149.4,495.4,0,decided,1.22822e+09
3,1309.5,485.2,0,drop,1.22822e+09
3,1322.4,484.5,0,drop,1.22822e+09
3,1372.6,491,0,out,1.22822e+09
3,1388.6,498,0,out,1.22822e+09
3,1431.4,496,0,and,1.22822e+09
3,1432.1,494.7,0,and,1.22822e+09
3,1439.8,488.1,0,and,1.22822e+09
3,1442.7,488.6,0,and,1.22822e+09
3,1442.7,488.6,0,and,1.22822e+09
3,1516.5,481,0,trust,1.22822e+09
3,1516.9,486.9,0,trust,1.22822e+09
3,1516.6,488.6,0,trust,1.22822e+09
3,1516.4,486.1,0,trust,1.22822e+09
3,1522.2,484.5,0,trust,1.22822e+09
3,1525.7,482.7,0,trust,1.22822e+09
3,1525.7,482.7,0,trust,1.22822e+09
3,1521.6,482.9,0,trust,1.22822e+09
3,1499.4,483.2,0,trust,1.22822e+09
3,1499,488.1,0,trust,1.22822e+09
3,1499.2,489.2,0,trust,1.22822e+09
3,1499.2,489.2,0,trust,1.22822e+09
3,1501.6,483.5,0,trust,1.22822e+09
3,1502.7,483.2,0,trust,1.22822e+09
3,1503.8,481.1,0,trust,1.22822e+09
3,1503.8,487.8,0,trust,1.22822e+09
3,1501,495.2,0,trust,1.22822e+09
3,1497.9,491,0,trust,1.22822e+09
3,280.7,578.1,0,it,1.22822e+09
3,222.6,575.4,0,that,1.22822e+09
3,222.6,575.4,0,that,1.22822e+09
3,222.6,575.4,0,that,1.22822e+09
3,219.4,576.7,0,that,1.22822e+09
3,220.6,567.7,0,that,1.22822e+09
3,220.6,567.7,0,that,1.22822e+09
3,369.3,572.9,0,would,1.22822e+09
3,484.9,568.6,0,work,1.22822e+09
3,488.7,566.8,0,work,1.22822e+09
3,488.4,565.7,0,work,1.22822e+09
3,488.7,566.3,0,work,1.22822e+09
3,490.6,571,0,work,1.22822e+09
3,492.7,576.1,0,work,1.22822e+09
3,492.7,576.1,0,work,1.22822e+09
3,490.9,579.8,0,work,1.22822e+09
3,491.5,568.3,0,work,1.22822e+09
3,505.1,565.5,0,work,1.22822e+09
3,550.9,563.4,0,out,1.22822e+09
3,566.5,570,0,out,1.22822e+09
3,566.5,570,0,out,1.22822e+09
3,713.3,564.7,0,was,1.22823e+09
3,780.4,571.2,0,pretty,1.22823e+09
3,780.4,571.2,0,pretty,1.22823e+09
3,823.1,563,0,pretty,1.22823e+09
3,826.6,570.7,0,pretty,1.22823e+09
3,826.5,567.5,0,pretty,1.22823e+09
3,790.8,579.6,0,pretty,1.22823e+09
3,789.2,577.9,0,pretty,1.22823e+09
3,789.2,577.9,0,pretty,1.22823e+09
3,789.2,577.9,0,pretty,1.22823e+09
3,811.5,566.6,0,pretty,1.22823e+09
3,811.5,566.6,0,pretty,1.22823e+09
3,811.5,566.6,0,pretty,1.22823e+09
3,1016.4,574.6,0,the,1.22823e+09
3,1015.2,575,0,the,1.22823e+09
3,1015.9,574.8,0,the,1.22823e+09
3,1016.5,575,0,the,1.22823e+09
3,1016.7,573.6,0,the,1.22823e+09
3,1017.5,573.6,0,the,1.22823e+09
3,1017.7,573,0,the,1.22823e+09
3,1017.7,573,0,the,1.22823e+09
3,1017.7,576.3,0,the,1.22823e+09
3,1018.7,578.4,0,the,1.22823e+09
3,1019.5,577.7,0,the,1.22823e+09
3,1019.5,577.7,0,the,1.22823e+09
3,1030.3,571.2,0,the,1.22823e+09
3,1030.3,571.2,0,the,1.22823e+09
3,1079.1,565.8,0,time,,1.22823e+09
3,1079.1,565.8,0,time,,1.22823e+09
3,1095.1,567.8,0,time,,1.22823e+09
3,1102.2,574.3,0,time,,1.22823e+09
3,1107.5,579.5,0,time,,1.22823e+09
3,1107.5,578.6,0,time,,1.22823e+09
3,1108.2,577.4,0,time,,1.22823e+09
3,1108.2,577.4,0,time,,1.22823e+09
3,1417.9,570,0,it,1.22823e+09
3,1427.9,570.4,0,it,1.22823e+09
3,1480,561.1,0,was,1.22823e+09
3,1486.6,564.3,0,was,1.22823e+09
3,319.6,649.8,0,best,1.22823e+09
3,344.3,656.7,0,best,1.22823e+09
3,398.2,653.1,0,decisions,1.22823e+09
3,414.9,659.1,0,decisions,1.22823e+09
3,414.9,659.1,0,decisions,1.22823e+09
3,535,652.3,0,I,1.22823e+09
3,588.5,646.1,0,ever,1.22823e+09
3,589,648.1,0,ever,1.22823e+09
3,589.9,647.6,0,ever,1.22823e+09
3,587.5,647.7,0,ever,1.22823e+09
3,592.4,649.6,0,ever,1.22823e+09
3,595.3,654.9,0,ever,1.22823e+09
3,652.8,654.6,0,made.,1.22823e+09
3,672.5,654.5,0,made.,1.22823e+09
3,676.7,656.2,0,made.,1.22823e+09
3,682.5,657.3,0,made.,1.22823e+09
3,744.2,648,0,The,1.22823e+09
3,753.7,647.3,0,The,1.22823e+09
3,753.7,647.3,0,The,1.22823e+09
3,793.1,652.2,0,minute,1.22823e+09
3,805.8,650.5,0,minute,1.22823e+09
3,816.5,648.1,0,minute,1.22823e+09
3,816.5,648.1,0,minute,1.22823e+09
3,829.1,647.4,0,minute,1.22823e+09
3,831.5,646.8,0,minute,1.22823e+09
3,831.8,645.5,0,minute,1.22823e+09
3,830,645.2,0,minute,1.22823e+09
3,831.3,644.6,0,minute,1.22823e+09
3,832.4,643.4,0,minute,1.22823e+09
3,831.2,641.5,0,minute,1.22823e+09
3,935,641.4,0,dropped,1.22823e+09
3,269.6,738.8,0,classes,1.22823e+09
3,259.3,738.6,0,classes,1.22823e+09
3,260.6,738.5,0,classes,1.22823e+09
3,260.6,738.5,0,classes,1.22823e+09
3,261.8,729.1,0,classes,1.22823e+09
3,261.2,736.7,0,classes,1.22823e+09
3,240.3,735.3,0,classes,1.22823e+09
3,240.3,735.3,0,classes,1.22823e+09
3,248.9,738.5,0,classes,1.22823e+09
3,248.9,738.5,0,classes,1.22823e+09
3,264.9,738.3,0,classes,1.22823e+09
3,396.2,722.6,0,didn't,1.22824e+09
3,448.2,724.4,0,didn't,1.22824e+09
3,443.7,721.1,0,didn't,1.22824e+09
3,448.3,724.4,0,didn't,1.22824e+09
3,450.8,726.3,0,didn't,1.22824e+09
3,525.7,727.3,0,interest,1.22824e+09
3,525.7,727.3,0,interest,1.22824e+09
3,547.2,722.5,0,interest,1.22824e+09
3,578,722.8,0,interest,1.22824e+09
3,560.7,721.6,0,interest,1.22824e+09
3,558.9,721.9,0,interest,1.22824e+09
3,558.9,721.9,0,interest,1.22824e+09
3,554.5,721.9,0,interest,1.22824e+09
3,551.6,724.5,0,interest,1.22824e+09
3,554.3,726.8,0,interest,1.22824e+09
3,553.8,729.4,0,interest,1.22824e+09
3,553.8,730.9,0,interest,1.22824e+09
3,556.9,735.9,0,interest,1.22824e+09
3,562.2,739.4,0,interest,1.22824e+09
3,561.9,739,0,interest,1.22824e+09
3,561.9,738,0,interest,1.22824e+09
3,562.2,738.5,0,interest,1.22824e+09
3,561.3,736.3,0,interest,1.22824e+09
3,559.6,733,0,interest,1.22824e+09
3,559.3,728,0,interest,1.22824e+09
3,566.8,728.5,0,interest,1.22824e+09
3,698.7,733.5,0,and,1.22824e+09
3,701.6,736.1,0,and,1.22824e+09
3,698.1,731.6,0,and,1.22824e+09
3,698.2,728.5,0,and,1.22824e+09
3,697.2,726.2,0,and,1.22824e+09
3,696.8,732.2,0,and,1.22824e+09
3,696.4,732.4,0,and,1.22824e+09
3,699.8,736.1,0,and,1.22824e+09
3,701.4,737.8,0,and,1.22824e+09
3,700.1,737.7,0,and,1.22824e+09
3,698.2,737.4,0,and,1.22824e+09
3,700,739.8,0,and,1.22824e+09
3,786.3,739.5,0,begin,1.22824e+09
3,789,739.5,0,begin,1.22824e+09
3,883.6,735.4,0,dropping,1.22824e+09
3,887,734.1,0,dropping,1.22824e+09
3,894.7,735.8,0,dropping,1.22824e+09
3,895.3,738.6,0,dropping,1.22824e+09
3,895.3,738.6,0,dropping,1.22824e+09
3,889.6,738.6,0,dropping,1.22824e+09
3,892.3,739.9,0,dropping,1.22824e+09
3,891.7,738.5,0,dropping,1.22824e+09
3,890.2,735,0,dropping,1.22824e+09
3,889.8,735.8,0,dropping,1.22824e+09
3,887.5,733,0,dropping,1.22824e+09
3,888.5,735.8,0,dropping,1.22824e+09
3,890.6,737.3,0,dropping,1.22824e+09
3,890.6,739.8,0,dropping,1.22824e+09
3,891.3,737.6,0,dropping,1.22824e+09
3,894.4,729.9,0,dropping,1.22824e+09
3,903.9,723.9,0,dropping,1.22824e+09
3,1029.4,723.2,0,on,1.22824e+09
3,1035.4,723.8,0,on,1.22824e+09
3,1035.4,723.8,0,on,1.22824e+09
3,1035.4,723.8,0,on,1.22824e+09
3,1043.7,729.6,0,on,1.22824e+09
3,1043.9,738.2,0,on,1.22824e+09
3,1042.7,739.8,0,on,1.22824e+09
3,1042.7,739.8,0,on,1.22824e+09
3,1042.9,737.3,0,on,1.22824e+09
3,1155.6,725.1,0,ones,1.22824e+09
3,1155.5,722.9,0,ones,1.22824e+09
3,1148,724.9,0,ones,1.22824e+09
3,1145.7,729.6,0,ones,1.22824e+09
3,1143.7,732.8,0,ones,1.22824e+09
3,1143.7,732.9,0,ones,1.22824e+09
3,1143.7,732.9,0,ones,1.22824e+09
3,1143.7,732.9,0,ones,1.22824e+09
3,1142.7,737.5,0,ones,1.22824e+09
3,1142.6,730.2,0,ones,1.22824e+09
3,1143,726.2,0,ones,1.22824e+09
3,1143.4,725.2,0,ones,1.22824e+09
3,1148,724.5,0,ones,1.22824e+09
3,1153.7,722.3,0,ones,1.22824e+09
3,1155.5,724.1,0,ones,1.22824e+09
3,1155.5,724.1,0,ones,1.22824e+09
3,1155.5,724.1,0,ones,1.22824e+09
3,1162,737.6,0,ones,1.22824e+09
3,1207.1,739.2,0,that,1.22824e+09
3,1234.2,738.4,0,that,1.22824e+09
3,1281.5,724.8,0,looked,1.22824e+09
3,1283.7,722.6,0,looked,1.22824e+09
3,1288.2,724,0,looked,1.22824e+09
3,1290.9,724.7,0,looked,1.22824e+09
3,1437.4,721.1,0,interesting.,1.22824e+09
3,1426.5,721,0,interesting.,1.22824e+09
3,1296.7,724.6,0,looked,1.22824e+09
3,1298.3,725.2,0,looked,1.22824e+09
3,519.7,723.5,0,interest,1.22824e+09
3,519.7,723.5,0,interest,1.22824e+09
3,350.5,732.8,0,that,1.22824e+09
3,233.1,737.5,0,classes,1.22824e+09
3,229.2,739.3,0,classes,1.22824e+09
3,249.1,817.7,0,wasn't,1.22824e+09
3,275,802.7,0,wasn't,1.22824e+09
3,280,802.6,0,wasn't,1.22824e+09
3,287.3,803.7,0,wasn't,1.22824e+09
3,296.5,802.7,0,wasn't,1.22824e+09
3,730,803.4,0,have,1.22824e+09
3,724.8,803.7,0,have,1.22824e+09
3,723.4,804.8,0,have,1.22824e+09
3,725.5,806.4,0,have,1.22824e+09
3,724,809.8,0,have,1.22824e+09
3,723.6,809,0,have,1.22824e+09
3,723.3,806.9,0,have,1.22824e+09
3,723.3,806.9,0,have,1.22824e+09
3,723.8,806.8,0,have,1.22824e+09
3,722.7,802.1,0,have,1.22824e+09
3,724.5,808.4,0,have,1.22824e+09
3,719.2,809,0,have,1.22824e+09
3,719.6,810.2,0,have,1.22824e+09
3,719.6,810.2,0,have,1.22824e+09
3,719.6,810.3,0,have,1.22824e+09
3,722.9,808.9,0,have,1.22824e+09
3,722.9,808.9,0,have,1.22824e+09
3,719.2,809.7,0,have,1.22824e+09
3,720.7,807.6,0,have,1.22824e+09
3,727.9,809.3,0,have,1.22824e+09
3,806.9,816.5,0,dorm,1.22824e+09
3,808.5,814.7,0,dorm,1.22824e+09
3,807.5,806.6,0,dorm,1.22824e+09
3,816.3,803,0,dorm,1.22824e+09
3,816.3,803,0,dorm,1.22824e+09
3,808.2,807.1,0,dorm,1.22824e+09
3,806.2,811.2,0,dorm,1.22824e+09
3,1088.7,808,0,slept,1.22824e+09
3,1085.3,810.2,0,slept,1.22824e+09
3,1079.5,805.9,0,slept,1.22824e+09
3,1079.5,805.9,0,slept,1.22824e+09
3,1072,816,0,slept,1.22824e+09
3,1070.6,814.8,0,slept,1.22824e+09
3,1063.5,811.3,0,slept,1.22824e+09
3,1065.8,811.4,0,slept,1.22824e+09
3,1063.1,812.4,0,slept,1.22824e+09
3,1063.2,812.7,0,slept,1.22824e+09
3,1065,811,0,slept,1.22824e+09
3,1065.3,810.5,0,slept,1.22824e+09
3,1065.3,810.5,0,slept,1.22824e+09
3,1066,801.1,0,slept,1.22824e+09
3,1066.2,801.5,0,slept,1.22824e+09
3,1014.5,801,0,I,1.22824e+09
3,1197.1,801.1,0,the,1.22825e+09
3,1195.7,802.3,0,the,1.22825e+09
3,1193.9,806.7,0,the,1.22825e+09
3,1195.5,806.6,0,the,1.22825e+09
3,1192.7,809.9,0,the,1.22825e+09
3,1509.8,802.6,0,rooms,,1.22825e+09
3,1511.4,802.3,0,rooms,,1.22825e+09
3,1511.4,802.3,0,rooms,,1.22825e+09
3,1510.3,802.3,0,rooms,,1.22825e+09
3,1510.3,802.3,0,rooms,,1.22825e+09
3,1511.3,804.2,0,rooms,,1.22825e+09
4,1519.7,803.1,0,out,1.22825e+09
4,1519.7,803.1,0,out,1.22825e+09
4,1026.6,647.7,0,example:,1.22825e+09
4,388,490.5,0,every,1.22825e+09
4,243.2,419.3,0,returned,1.22825e+09
4,419.4,495,0,every,1.22825e+09
4,418.8,494.6,0,every,1.22825e+09
4,412.8,489.7,0,every,1.22825e+09
4,398.9,490.2,0,every,1.22825e+09
4,398.8,488.6,0,every,1.22825e+09
4,398.8,488.6,0,every,1.22825e+09
4,398.3,488.2,0,every,1.22825e+09
4,406.3,482.3,0,every,1.22825e+09
4,407.9,481.9,0,every,1.22825e+09
4,407.1,485.6,0,every,1.22825e+09
4,405.7,484.3,0,every,1.22825e+09
4,404.3,484.7,0,every,1.22825e+09
4,401.1,482.8,0,every,1.22825e+09
4,509.7,499,0,Sunday,1.22825e+09
4,513.6,484,0,Sunday,1.22825e+09
4,514.1,491,0,Sunday,1.22825e+09
4,516,491.3,0,Sunday,1.22825e+09
4,516,491.3,0,Sunday,1.22825e+09
4,1506.2,416.3,0,miles,1.22825e+09
4,1506.2,416.3,0,miles,1.22825e+09
4,1506.2,416.3,0,miles,1.22825e+09
4,1506.2,416.3,0,miles,1.22825e+09
4,1506.2,416.3,0,miles,1.22825e+09
4,1506.2,416.3,0,miles,1.22825e+09
4,1506.2,416.3,0,miles,1.22825e+09
4,1506.2,416.3,0,miles,1.22825e+09
4,1506.2,416.3,0,miles,1.22825e+09
4,223.8,489.8,0,across,1.22825e+09
4,223.8,489.8,0,across,1.22825e+09
4,868.6,489.6,0,good,1.22825e+09
4,933,486.6,0,meal,1.22825e+09
4,938.2,487.5,0,meal,1.22825e+09
4,934.4,490.5,0,meal,1.22825e+09
4,934.2,494.4,0,meal,1.22825e+09
4,935.9,496.8,0,meal,1.22825e+09
4,934.1,497.1,0,meal,1.22825e+09
4,933.5,496.5,0,meal,1.22825e+09
4,1151.2,489.5,0,the,1.22825e+09
4,1154.3,490.3,0,the,1.22825e+09
4,1145.4,487.8,0,the,1.22825e+09
4,1140,491.5,0,the,1.22825e+09
4,1140.4,499.1,0,the,1.22825e+09
4,1140.4,499.1,0,the,1.22825e+09
4,1145.4,499.6,0,the,1.22825e+09
4,1145.4,499.6,0,the,1.22825e+09
4,1144.2,493.4,0,the,1.22825e+09
4,1150.7,495.3,0,the,1.22825e+09
4,1218.9,488.8,0,Hare,1.22825e+09
4,1228.9,484.4,0,Hare,1.22825e+09
4,1280.4,484.9,0,Krishna,1.22825e+09
4,1283.2,486.9,0,Krishna,1.22825e+09
4,1287.4,481.8,0,Krishna,1.22825e+09
4,1281.4,493.6,0,Krishna,1.22825e+09
4,1284.6,494.6,0,Krishna,1.22825e+09
4,1282.3,494,0,Krishna,1.22825e+09
4,1280.2,495.6,0,Krishna,1.22825e+09
4,1280,499.9,0,Krishna,1.22825e+09
4,1281.8,499.9,0,Krishna,1.22826e+09
4,1417.4,499.8,0,temple.,1.22826e+09
4,1417.4,499.8,0,temple.,1.22826e+09
4,541.9,577.7,0,what,1.22826e+09
4,861.6,567.3,0,by,1.22826e+09
4,852.2,565.5,0,by,1.22826e+09
4,852.4,568.1,0,by,1.22826e+09
4,853.4,572,0,by,1.22826e+09
4,854.4,572.3,0,by,1.22826e+09
4,854.2,570.3,0,by,1.22826e+09
4,921.7,566.6,0,following,1.22826e+09
4,922.8,564.6,0,following,1.22826e+09
4,925.6,563.1,0,following,1.22826e+09
4,926.3,565.7,0,following,1.22826e+09
4,926.1,569.9,0,following,1.22826e+09
4,925.6,570.5,0,following,1.22826e+09
4,925.5,569.9,0,following,1.22826e+09
4,925.5,569.9,0,following,1.22826e+09
4,925.5,569.9,0,following,1.22826e+09
4,922.9,576.6,0,following,1.22826e+09
4,921.7,573.7,0,following,1.22826e+09
4,911,573.2,0,following,1.22826e+09
4,897.4,571.3,0,following,1.22826e+09
4,905,571.6,0,following,1.22826e+09
4,898.1,569.7,0,following,1.22826e+09
4,953.3,568.6,0,following,1.22826e+09
4,953.3,568.6,0,following,1.22826e+09
4,1096.5,564.8,0,curiosity,1.22826e+09
4,1104.1,563.4,0,curiosity,1.22826e+09
4,1120.7,567,0,curiosity,1.22826e+09
4,1122.9,569.8,0,curiosity,1.22826e+09
4,1134.3,568.9,0,curiosity,1.22826e+09
4,1146.2,575.4,0,curiosity,1.22826e+09
4,1146.2,575.4,0,curiosity,1.22826e+09
4,1148.6,574.9,0,curiosity,1.22826e+09
4,1146.3,579.7,0,curiosity,1.22826e+09
4,1146.3,579.7,0,curiosity,1.22826e+09
4,1140.1,579,0,curiosity,1.22826e+09
4,1236.4,569.1,0,and,1.22826e+09
4,1305,561.3,0,intuition,1.22826e+09
4,1304.1,563.8,0,intuition,1.22826e+09
4,1304.4,563,0,intuition,1.22826e+09
4,1303.4,565.4,0,intuition,1.22826e+09
4,1302.5,562.5,0,intuition,1.22826e+09
4,1301.3,561.9,0,intuition,1.22826e+09
4,1302.5,562.8,0,intuition,1.22826e+09
4,1304.7,563.1,0,intuition,1.22826e+09
4,1304.7,563.1,0,intuition,1.22826e+09
4,1308.2,563.3,0,intuition,1.22826e+09
4,1318.3,561.3,0,intuition,1.22826e+09
4,1466.7,567.1,0,turned,1.22826e+09
4,1459.7,570.8,0,turned,1.22826e+09
4,1459.7,570.8,0,turned,1.22826e+09
4,1362.3,570.3,0,intuition,1.22826e+09
4,1362.3,570.3,0,intuition,1.22826e+09
4,1362.3,570.3,0,intuition,1.22826e+09
4,1362.3,570.3,0,intuition,1.22826e+09
4,279.7,652.3,0,to,1.22826e+09
4,279.8,652.8,0,to,1.22826e+09
4,379.3,650.9,0,priceless,1.22826e+09
4,377.1,646,0,priceless,1.22826e+09
4,386.3,653.4,0,priceless,1.22826e+09
4,383.7,648.2,0,priceless,1.22826e+09
4,381.5,644.2,0,priceless,1.22826e+09
4,381.5,644.2,0,priceless,1.22826e+09
4,381.5,644.2,0,priceless,1.22826e+09
4,381.5,644.2,0,priceless,1.22826e+09
4,381.5,644.2,0,priceless,1.22826e+09
4,381.5,644.2,0,priceless,1.22826e+09
4,381.5,644.2,0,priceless,1.22826e+09
4,381.5,644.2,0,priceless,1.22826e+09
4,381.5,644.2,0,priceless,1.22826e+09
4,381.5,644.2,0,priceless,1.22826e+09
4,412.3,652.3,0,priceless,1.22826e+09
4,410.6,652.4,0,priceless,1.22826e+09
4,408,652.1,0,priceless,1.22826e+09
4,402.7,649.4,0,priceless,1.22826e+09
4,400.3,647.1,0,priceless,1.22826e+09
4,399.1,643.7,0,priceless,1.22826e+09
4,399,641.1,0,priceless,1.22826e+09
4,404.4,645.4,0,priceless,1.22826e+09
4,404.4,645.4,0,priceless,1.22826e+09
4,412.6,653.9,0,priceless,1.22826e+09
4,414.6,657.2,0,priceless,1.22826e+09
4,412.3,651.6,0,priceless,1.22826e+09
4,413.6,655.4,0,priceless,1.22826e+09
4,414.9,657.3,0,priceless,1.22826e+09
4,415.3,654,0,priceless,1.22826e+09
4,415.9,651.1,0,priceless,1.22826e+09
4,419.9,644.7,0,priceless,1.22826e+09
4,419.9,644.7,0,priceless,1.22826e+09
4,426.7,641.8,0,priceless,1.22826e+09
4,426.7,641.8,0,priceless,1.22826e+09
4,410.6,650.9,0,priceless,1.22826e+09
4,410.4,651,0,priceless,1.22826e+09
4,411.4,650.5,0,priceless,1.22826e+09
4,404.9,655.3,0,priceless,1.22826e+09
4,404.9,655.3,0,priceless,1.22826e+09
4,405.1,654.3,0,priceless,1.22826e+09
4,395.3,644.9,0,priceless,1.22826e+09
4,397.3,648.4,0,priceless,1.22826e+09
4,398.2,649.5,0,priceless,1.22826e+09
4,399.8,651.4,0,priceless,1.22826e+09
4,400.5,651.7,0,priceless,1.22826e+09
4,402.1,658.7,0,priceless,1.22826e+09
4,402.1,658.7,0,priceless,1.22826e+09
4,424.4,659.6,0,priceless,1.22826e+09
4,511.9,656.4,0,later,1.22826e+09
4,510.4,657.4,0,later,1.22826e+09
4,510,657.4,0,later,1.22826e+09
4,528,656.8,0,later,1.22826e+09
4,536.7,658.8,0,later,1.22826e+09
4,534.8,657.8,0,later,1.22826e+09
4,534.5,658.7,0,later,1.22826e+09
4,653.2,644.5,0,Let,1.22826e+09
4,677.6,651.5,0,Let,1.22826e+09
4,712.6,658.8,0,me,1.22826e+09
4,671.7,647.5,0,Let,1.22826e+09
4,668.1,647.3,0,Let,1.22826e+09
4,664.2,643.7,0,Let,1.22826e+09
4,662.8,644.3,0,Let,1.22826e+09
4,663.1,646.6,0,Let,1.22826e+09
4,663.1,646.6,0,Let,1.22826e+09
4,659.2,642.8,0,Let,1.22826e+09
4,659.1,642.5,0,Let,1.22826e+09
4,662.9,644,0,Let,1.22826e+09
4,668,645.3,0,Let,1.22826e+09
4,669.1,645.4,0,Let,1.22826e+09
4,669,645.3,0,Let,1.22826e+09
4,668.2,645.5,0,Let,1.22826e+09
4,668.6,645.4,0,Let,1.22826e+09
4,668.6,645.4,0,Let,1.22826e+09
4,763.7,656.4,0,give,1.22826e+09
4,766.2,655.4,0,give,1.22826e+09
4,769.1,654.1,0,give,1.22826e+09
4,770.7,653,0,give,1.22826e+09
4,770.7,653,0,give,1.22826e+09
4,770.4,653.3,0,give,1.22826e+09
4,771,658.3,0,give,1.22826e+09
4,769.7,657.7,0,give,1.22826e+09
4,768.1,658.7,0,give,1.22826e+09
4,768.9,659.4,0,give,1.22826e+09
4,773.3,657.2,0,give,1.22826e+09
4,773.3,657.2,0,give,1.22826e+09
4,901,641.1,0,one,1.22826e+09
4,906.3,641.8,0,one,1.22826e+09
4,908.7,643.8,0,one,1.22826e+09
4,908.7,643.8,0,one,1.22826e+09
4,908.8,645,0,one,1.22826e+09
4,908,648.7,0,one,1.22826e+09
4,911.7,647.5,0,one,1.22826e+09
4,1003.3,646.1,0,example:,1.22826e+09
4,1006.7,643.4,0,example:,1.22826e+09
4,1006.7,643.4,0,example:,1.22826e+09
4,1108.7,648.1,0,Reed,1.22827e+09
4,1104.2,649.3,0,Reed,1.22827e+09
4,1104.2,644.7,0,Reed,1.22827e+09
4,1297.7,643,0,at,1.22827e+09
4,1296.7,644.7,0,at,1.22827e+09
4,1296.7,644.7,0,at,1.22827e+09
4,1505.3,644.1,0,offered,1.22827e+09
4,1503.7,653.8,0,offered,1.22827e+09
4,1498.5,650.9,0,offered,1.22827e+09
4,1494.6,645.4,0,offered,1.22827e+09
4,1494.6,653.8,0,offered,1.22827e+09
4,1494,651.7,0,offered,1.22827e+09
4,991.1,657.1,0,example:,1.22827e+09
4,953.2,657.6,0,example:,1.22827e+09
4,206.4,725.6,0,perhaps,1.22827e+09
4,215.2,723,0,perhaps,1.22827e+09
4,215.2,723,0,perhaps,1.22827e+09
4,226,722.1,0,perhaps,1.22827e+09
4,229.5,727.7,0,perhaps,1.22827e+09
4,240.2,728,0,perhaps,1.22827e+09
4,240.6,738.3,0,perhaps,1.22827e+09
4,232.8,728.8,0,perhaps,1.22827e+09
4,229.3,729.9,0,perhaps,1.22827e+09
4,229.3,729.9,0,perhaps,1.22827e+09
4,386,729.5,0,best,1.22827e+09
4,457.1,721.3,0,calligraphy,1.22827e+09
4,499,724,0,calligraphy,1.22827e+09
4,504.8,724.5,0,calligraphy,1.22827e+09
4,514,728.8,0,calligraphy,1.22827e+09
4,540.7,727.7,0,calligraphy,1.22827e+09
4,540.7,727.7,0,calligraphy,1.22827e+09
4,564.6,731.6,0,calligraphy,1.22827e+09
4,561.7,731.6,0,calligraphy,1.22827e+09
4,559.2,730,0,calligraphy,1.22827e+09
4,560.8,727.4,0,calligraphy,1.22827e+09
4,559.5,729.9,0,calligraphy,1.22827e+09
4,560.7,735.1,0,calligraphy,1.22827e+09
4,558.9,733.3,0,calligraphy,1.22827e+09
4,558.9,733.3,0,calligraphy,1.22827e+09
4,556.2,727.3,0,calligraphy,1.22827e+09
4,556,729.3,0,calligraphy,1.22827e+09
4,556,731.5,0,calligraphy,1.22827e+09
4,556.1,722.8,0,calligraphy,1.22827e+09
4,558.4,729.8,0,calligraphy,1.22827e+09
4,673,736,0,instruction,1.22827e+09
4,700.2,733.9,0,instruction,1.22827e+09
4,700.5,738.3,0,instruction,1.22827e+09
4,701.3,739.5,0,instruction,1.22827e+09
4,651.7,723.8,0,instruction,1.22827e+09
4,651.2,727.1,0,instruction,1.22827e+09
4,649,727.8,0,instruction,1.22827e+09
4,648.9,730,0,instruction,1.22827e+09
4,652.2,737,0,instruction,1.22827e+09
4,655.5,736.8,0,instruction,1.22827e+09
4,656.5,737.5,0,instruction,1.22827e+09
4,656.5,737.5,0,instruction,1.22827e+09
4,662.5,733.6,0,instruction,1.22827e+09
4,662.6,733.6,0,instruction,1.22827e+09
4,661.9,734.7,0,instruction,1.22827e+09
4,660.4,739.1,0,instruction,1.22827e+09
4,673,734.6,0,instruction,1.22827e+09
4,696.2,727.2,0,instruction,1.22827e+09
4,862.4,732.9,0,the,1.22827e+09
4,863.3,731.1,0,the,1.22827e+09
4,862.7,731.1,0,the,1.22827e+09
4,876.3,731.1,0,the,1.22827e+09
4,880.5,730.3,0,the,1.22827e+09
4,871.9,734.9,0,the,1.22827e+09
4,244.1,805.5,0,every,1.22827e+09
4,240.1,802.1,0,every,1.22827e+09
4,244.3,802.2,0,every,1.22827e+09
4,291.9,815.3,0,label,1.22827e+09
4,296.4,815.1,0,label,1.22827e+09
4,384.9,801.7,0,on,1.22827e+09
4,387.6,803.1,0,on,1.22827e+09
4,393.1,806,0,on,1.22827e+09
4,393.1,806,0,on,1.22827e+09
4,386.4,803.7,0,on,1.22827e+09
4,390.3,807.7,0,on,1.22827e+09
4,399.8,808.1,0,on,1.22827e+09
4,448.5,812.5,0,every,1.22827e+09
4,522.6,804.8,0,drawer,,1.22827e+09
4,522.6,804.8,0,drawer,,1.22827e+09
4,563,803.5,0,drawer,,1.22827e+09
4,567.4,802,0,drawer,,1.22827e+09
4,567.4,802,0,drawer,,1.22827e+09
4,567.4,802,0,drawer,,1.22827e+09
4,639,809.6,0,was,1.22827e+09
4,696.7,808,0,beautifully,1.22827e+09
4,696,807.8,0,beautifully,1.22827e+09
4,701.7,811.9,0,beautifully,1.22827e+09
4,702.4,812.8,0,beautifully,1.22827e+09
4,708.2,819.9,0,beautifully,1.22827e+09
4,704.9,816.5,0,beautifully,1.22827e+09
4,704.9,816.5,0,beautifully,1.22827e+09
4,700.7,812.2,0,beautifully,1.22827e+09
4,700.7,812.1,0,beautifully,1.22827e+09
4,703.5,807.1,0,beautifully,1.22827e+09
4,705.4,802.7,0,beautifully,1.22827e+09
4,705.8,802.3,0,beautifully,1.22827e+09
4,705.9,803.2,0,beautifully,1.22827e+09
4,704.9,802.9,0,beautifully,1.22827e+09
4,702.5,803.8,0,beautifully,1.22827e+09
4,702.5,803.8,0,beautifully,1.22827e+09
4,705.9,811.8,0,beautifully,1.22827e+09
4,892.8,807.7,0,hand,1.22827e+09
4,957.7,803.2,0,calligraphed.,1.22827e+09
4,957.5,804.5,0,calligraphed.,1.22827e+09
4,956.8,805.4,0,calligraphed.,1.22827e+09
4,956.8,805.2,0,calligraphed.,1.22827e+09
4,958.7,803.6,0,calligraphed.,1.22827e+09
4,956.8,810.5,0,calligraphed.,1.22827e+09
4,956.4,811.5,0,calligraphed.,1.22827e+09
4,956.3,807.8,0,calligraphed.,1.22827e+09
4,956.3,807.8,0,calligraphed.,1.22827e+09
4,955.4,805.6,0,calligraphed.,1.22827e+09
4,955.4,805.6,0,calligraphed.,1.22827e+09
4,954.2,803.7,0,calligraphed.,1.22827e+09
4,964.1,802.1,0,calligraphed.,1.22827e+09
4,972.9,808.3,0,calligraphed.,1.22827e+09
4,1056.1,804.1,0,calligraphed.,1.22827e+09
4,1313.7,808.7,0,had,1.22827e+09
4,1329.4,802.3,0,had,1.22827e+09
4,1395.1,803.1,0,dropped,1.22827e+09
5,1397,803.2,0,dropped,1.22827e+09
5,1401.3,805.2,0,came,1.22827e+09
5,1403.1,805.1,0,came,1.22827e+09
5,1403.5,802,0,came,1.22827e+09
5,1403.5,802,0,came,1.22827e+09
5,352.3,494.1,0,this.,1.22827e+09
5,352.3,494.1,0,this.,1.22827e+09
5,268.9,499.5,0,to,1.22828e+09
5,268.9,499.5,0,to,1.22828e+09
5,268.9,499.5,0,to,1.22828e+09
5,268.9,499.5,0,to,1.22828e+09
5,268.9,499.5,0,to,1.22828e+09
5,268.9,499.5,0,to,1.22828e+09
5,268.9,499.5,0,to,1.22828e+09
5,268.9,499.5,0,to,1.22828e+09
5,268.9,499.5,0,to,1.22828e+09
5,268.9,499.5,0,to,1.22828e+09
5,268.9,499.5,0,to,1.22828e+09
5,268.9,499.5,0,to,1.22828e+09
5,268.9,499.5,0,to,1.22828e+09
5,268.9,499.5,0,to,1.22828e+09
5,268.9,499.5,0,to,1.22828e+09
5,268.9,499.5,0,to,1.22828e+09
5,268.9,499.5,0,to,1.22828e+09
5,268.9,499.5,0,to,1.22828e+09
5,268.9,499.5,0,to,1.22828e+09
5,268.9,499.5,0,to,1.22828e+09
5,268.9,499.5,0,to,1.22828e+09
5,268.9,499.5,0,to,1.22828e+09
5,268.9,499.5,0,to,1.22828e+09
5,268.9,499.5,0,to,1.22828e+09
5,268.9,499.5,0,to,1.22828e+09
5,268.9,499.5,0,to,1.22828e+09
5,268.9,499.5,0,to,1.22828e+09
5,268.9,499.5,0,to,1.22828e+09
5,268.9,499.5,0,to,1.22828e+09
5,268.9,499.5,0,to,1.22828e+09
5,268.9,499.5,0,to,1.22828e+09
